Battery Capacity Checker v1.1
battVolt   current     mAh
Battery Capacity Checker v1.1
battVolt   current     mAh
Battery Capacity Checker v1.1
battVolt   current     mAh
4.21	0.00	0.00
4.03	0.80	1.12
4.02	0.80	2.24
4.02	0.81	3.37
4.02	0.80	4.49
4.00	0.79	5.60
4.01	0.80	6.73
4.00	0.80	7.84
3.99	0.79	8.95
3.99	0.79	10.07
3.99	0.79	11.18
3.99	0.80	12.30
3.99	0.80	13.41
3.99	0.79	14.53
4.00	0.79	15.63
3.99	0.79	16.74
3.99	0.81	17.87
3.98	0.79	18.97
3.98	0.79	20.08
3.99	0.80	21.20
3.99	0.79	22.32
3.99	0.80	23.44
3.98	0.80	24.56
3.97	0.79	25.67
3.98	0.80	26.80
3.98	0.80	27.92
3.97	0.79	29.02
3.96	0.78	30.11
3.97	0.79	31.22
3.97	0.79	32.34
3.97	0.79	33.44
3.98	0.80	34.56
3.96	0.79	35.67
3.96	0.79	36.78
3.96	0.79	37.89
3.97	0.80	39.01
3.96	0.79	40.13
3.97	0.79	41.24
3.96	0.79	42.34
3.96	0.79	43.45
3.96	0.79	44.56
3.95	0.79	45.67
3.96	0.80	46.79
3.95	0.79	47.89
3.95	0.79	48.99
3.96	0.79	50.10
3.96	0.80	51.22
3.95	0.79	52.32
3.95	0.79	53.43
3.95	0.79	54.54
3.95	0.79	55.65
3.94	0.79	56.75
3.94	0.79	57.86
3.94	0.80	58.98
3.95	0.79	60.09
3.95	0.79	61.20
3.94	0.79	62.30
3.94	0.79	63.41
3.94	0.79	64.51
3.95	0.79	65.62
3.92	0.78	66.72
3.92	0.79	67.82
3.92	0.78	68.91
3.92	0.79	70.01
3.93	0.78	71.10
3.93	0.79	72.20
3.93	0.79	73.30
3.92	0.79	74.40
3.93	0.79	75.51
3.94	0.79	76.62
3.92	0.79	77.73
3.92	0.78	78.82
3.92	0.78	79.91
3.92	0.79	81.02
3.92	0.79	82.12
3.93	0.79	83.23
3.91	0.79	84.33
3.91	0.78	85.42
3.92	0.79	86.52
3.92	0.78	87.61
3.91	0.78	88.71
3.91	0.79	89.81
3.90	0.78	90.89
3.91	0.78	91.99
3.92	0.79	93.09
3.92	0.79	94.19
3.90	0.79	95.29
3.91	0.79	96.40
3.92	0.79	97.51
3.92	0.79	98.62
3.91	0.79	99.72
3.90	0.78	100.81
3.90	0.79	101.91
3.91	0.79	103.01
3.89	0.78	104.10
3.89	0.78	105.20
3.91	0.79	106.30
3.89	0.78	107.40
3.89	0.77	108.48
3.90	0.79	109.58
3.89	0.78	110.67
3.90	0.79	111.77
3.88	0.78	112.87
3.88	0.78	113.96
3.89	0.78	115.05
3.90	0.79	116.16
3.88	0.78	117.25
3.89	0.79	118.35
3.88	0.78	119.44
3.89	0.79	120.55
3.89	0.79	121.65
3.88	0.78	122.75
3.88	0.78	123.84
3.88	0.77	124.92
3.88	0.78	126.01
3.88	0.78	127.10
3.88	0.78	128.19
3.88	0.78	129.28
3.89	0.78	130.37
3.88	0.78	131.46
3.88	0.78	132.55
3.88	0.78	133.64
3.88	0.79	134.74
3.88	0.79	135.84
3.88	0.78	136.94
3.88	0.78	138.03
3.89	0.79	139.13
3.88	0.78	140.22
3.87	0.78	141.31
3.88	0.78	142.41
3.88	0.78	143.49
3.86	0.78	144.58
3.86	0.77	145.66
3.88	0.78	146.75
3.87	0.78	147.84
3.87	0.78	148.94
3.87	0.78	150.02
3.86	0.78	151.11
3.87	0.79	152.21
3.87	0.79	153.31
3.87	0.78	154.41
3.86	0.78	155.50
3.88	0.78	156.59
3.86	0.78	157.68
3.86	0.78	158.77
3.87	0.77	159.86
3.86	0.77	160.94
3.86	0.78	162.02
3.85	0.78	163.11
3.85	0.77	164.19
3.87	0.78	165.28
3.85	0.78	166.37
3.86	0.78	167.46
3.86	0.78	168.54
3.86	0.78	169.63
3.86	0.77	170.71
3.85	0.78	171.80
3.85	0.78	172.89
3.86	0.79	173.99
3.85	0.77	175.06
3.85	0.78	176.16
3.85	0.78	177.25
3.85	0.77	178.32
3.85	0.78	179.41
3.85	0.78	180.50
3.85	0.78	181.60
3.85	0.78	182.68
3.85	0.79	183.78
3.84	0.77	184.86
3.85	0.78	185.96
3.84	0.77	187.04
3.85	0.78	188.13
3.84	0.77	189.21
3.84	0.77	190.29
3.85	0.78	191.38
3.84	0.77	192.47
3.84	0.78	193.55
3.84	0.77	194.63
3.84	0.77	195.71
3.85	0.77	196.79
3.84	0.77	197.87
3.84	0.78	198.96
3.84	0.78	200.05
3.84	0.77	201.12
3.84	0.78	202.21
3.84	0.77	203.29
3.84	0.78	204.38
3.84	0.77	205.46
3.83	0.77	206.54
3.84	0.78	207.62
3.84	0.77	208.71
3.83	0.77	209.79
3.84	0.78	210.87
3.83	0.77	211.96
3.83	0.76	213.02
3.83	0.77	214.11
3.83	0.77	215.18
3.83	0.77	216.26
3.83	0.77	217.33
3.83	0.76	218.40
3.83	0.77	219.48
3.84	0.78	220.57
3.83	0.76	221.64
3.84	0.78	222.73
3.83	0.77	223.81
3.83	0.77	224.88
3.83	0.77	225.96
3.83	0.77	227.03
3.83	0.77	228.12
3.83	0.77	229.19
3.84	0.77	230.27
3.84	0.78	231.36
3.84	0.78	232.45
3.83	0.77	233.53
3.83	0.77	234.61
3.83	0.77	235.69
3.83	0.77	236.77
3.82	0.77	237.85
3.82	0.77	238.93
3.82	0.77	240.01
3.83	0.77	241.09
3.82	0.77	242.17
3.83	0.78	243.26
3.82	0.77	244.34
3.83	0.78	245.43
3.82	0.77	246.51
3.82	0.77	247.59
3.82	0.77	248.67
3.83	0.78	249.76
3.82	0.77	250.84
3.81	0.77	251.91
3.82	0.77	252.99
3.83	0.76	254.06
3.82	0.78	255.14
3.82	0.77	256.22
3.81	0.77	257.29
3.82	0.77	258.37
3.81	0.77	259.45
3.82	0.77	260.53
3.82	0.77	261.61
3.82	0.77	262.69
3.82	0.76	263.76
3.82	0.77	264.84
3.82	0.77	265.92
3.82	0.77	267.00
3.82	0.77	268.07
3.82	0.77	269.15
3.82	0.77	270.23
3.81	0.77	271.30
3.81	0.77	272.39
3.81	0.77	273.46
3.81	0.76	274.52
3.82	0.77	275.60
3.81	0.77	276.68
3.81	0.76	277.75
3.81	0.77	278.82
3.80	0.76	279.89
3.80	0.77	280.96
3.82	0.76	282.03
3.80	0.77	283.11
3.82	0.77	284.19
3.80	0.77	285.26
3.80	0.77	286.34
3.81	0.77	287.42
3.80	0.77	288.50
3.81	0.76	289.56
3.82	0.78	290.66
3.80	0.77	291.73
3.81	0.77	292.81
3.81	0.77	293.89
3.81	0.77	294.97
3.80	0.76	296.04
3.80	0.77	297.12
3.80	0.76	298.18
3.80	0.76	299.25
3.80	0.76	300.32
3.80	0.75	301.38
3.80	0.76	302.44
3.80	0.77	303.52
3.81	0.78	304.61
3.80	0.76	305.67
3.80	0.76	306.74
3.81	0.78	307.83
3.81	0.77	308.91
3.81	0.78	310.00
3.80	0.76	311.07
3.81	0.76	312.14
3.80	0.76	313.21
3.80	0.77	314.28
3.80	0.76	315.35
3.80	0.77	316.43
3.80	0.77	317.51
3.80	0.76	318.58
3.80	0.76	319.65
3.81	0.77	320.73
3.80	0.77	321.81
3.80	0.77	322.88
3.79	0.75	323.94
3.79	0.76	325.01
3.80	0.76	326.08
3.80	0.76	327.15
3.79	0.76	328.21
3.80	0.77	329.29
3.80	0.78	330.37
3.79	0.76	331.44
3.79	0.76	332.51
3.79	0.76	333.57
3.80	0.77	334.66
3.80	0.76	335.72
3.79	0.76	336.79
3.79	0.77	337.86
3.79	0.76	338.93
3.79	0.77	340.01
3.79	0.76	341.08
3.79	0.77	342.15
3.80	0.77	343.23
3.79	0.76	344.30
3.80	0.77	345.38
3.80	0.77	346.46
3.80	0.77	347.55
3.80	0.77	348.63
3.78	0.76	349.70
3.79	0.76	350.77
3.79	0.76	351.84
3.79	0.76	352.90
3.80	0.77	353.98
3.79	0.76	355.05
3.79	0.76	356.12
3.79	0.76	357.19
3.79	0.76	358.26
3.79	0.77	359.33
3.79	0.76	360.40
3.80	0.77	361.48
3.78	0.77	362.55
3.78	0.77	363.63
3.78	0.76	364.69
3.79	0.75	365.75
3.78	0.76	366.81
3.78	0.76	367.88
3.78	0.76	368.94
3.78	0.76	370.00
3.79	0.76	371.07
3.78	0.76	372.13
3.78	0.77	373.21
3.78	0.76	374.27
3.79	0.76	375.34
3.78	0.75	376.39
3.78	0.76	377.46
3.78	0.76	378.53
3.79	0.76	379.59
3.78	0.75	380.65
3.78	0.76	381.71
3.78	0.76	382.78
3.66	0.74	831.63
3.65	0.73	832.66
3.66	0.74	833.69
3.65	0.74	834.72
3.66	0.74	835.76
3.65	0.73	836.78
3.65	0.73	837.81
3.65	0.73	838.83
3.65	0.73	839.86
3.65	0.73	840.88
3.65	0.73	841.91
3.65	0.73	842.93
3.65	0.73	843.95
3.65	0.75	845.00
3.65	0.73	846.02
3.64	0.73	847.04
3.66	0.74	848.08
3.64	0.73	849.10
3.65	0.74	850.13
3.65	0.74	851.16
3.65	0.74	852.19
3.65	0.74	853.22
3.65	0.73	854.25
3.64	0.72	855.26
3.66	0.74	856.30
3.65	0.74	857.33
3.65	0.74	858.37
3.65	0.74	859.40
3.64	0.74	860.44
3.65	0.74	861.47
3.65	0.74	862.51
3.64	0.73	863.53
3.65	0.73	864.56
3.64	0.73	865.58
3.64	0.74	866.61
3.64	0.73	867.64
3.64	0.73	868.67
3.64	0.73	869.69
3.64	0.73	870.71
3.65	0.75	871.76
3.64	0.73	872.78
3.65	0.74	873.81
3.64	0.73	874.83
3.63	0.73	875.85
3.65	0.73	876.88
3.64	0.73	877.90
3.64	0.73	878.93
3.63	0.73	879.96
3.65	0.74	880.99
3.64	0.74	882.02
3.64	0.73	883.05
3.64	0.73	884.07
3.63	0.73	885.09
3.64	0.72	886.11
3.64	0.74	887.14
3.64	0.74	888.17
3.64	0.74	889.20
3.64	0.74	890.23
3.64	0.72	891.25
3.63	0.73	892.27
3.64	0.73	893.30
3.64	0.74	894.34
3.63	0.72	895.35
3.64	0.74	896.38
3.63	0.73	897.40
3.64	0.73	898.43
3.63	0.73	899.45
3.65	0.74	900.49
3.63	0.73	901.51
3.64	0.73	902.53
3.63	0.73	903.55
3.64	0.73	904.58
3.64	0.73	905.60
3.63	0.73	906.63
3.65	0.74	907.67
3.62	0.73	908.69
3.64	0.74	909.72
3.63	0.73	910.74
3.64	0.73	911.76
3.63	0.73	912.79
3.63	0.73	913.81
3.64	0.73	914.83
3.63	0.73	915.86
3.63	0.74	916.89
3.64	0.74	917.92
3.63	0.73	918.95
3.63	0.73	919.97
3.64	0.73	920.99
3.63	0.73	922.01
3.62	0.73	923.03
3.62	0.73	924.05
3.64	0.74	925.09
3.63	0.73	926.11
3.63	0.73	927.12
3.64	0.74	928.16
3.63	0.73	929.19
3.63	0.72	930.20
3.63	0.73	931.22
3.63	0.74	932.25
3.63	0.74	933.29
3.63	0.73	934.31
3.63	0.73	935.33
3.62	0.73	936.35
3.63	0.73	937.37
3.62	0.73	938.40
3.63	0.73	939.42
3.63	0.73	940.45
3.62	0.73	941.47
3.62	0.73	942.49
3.63	0.73	943.52
3.62	0.73	944.54
3.63	0.73	945.56
3.62	0.73	946.59
3.64	0.74	947.63
3.63	0.73	948.65
3.62	0.73	949.67
3.62	0.73	950.70
3.62	0.73	951.72
3.63	0.73	952.74
3.62	0.72	953.75
3.62	0.73	954.77
3.62	0.73	955.80
3.63	0.73	956.82
3.62	0.73	957.84
3.62	0.72	958.86
3.62	0.73	959.88
3.62	0.73	960.90
3.62	0.73	961.92
3.62	0.72	962.93
3.62	0.73	963.95
3.62	0.73	964.97
3.62	0.73	965.99
3.62	0.72	967.00
3.62	0.73	968.03
3.63	0.73	969.05
3.61	0.72	970.07
3.61	0.72	971.07
3.63	0.73	972.09
3.62	0.72	973.10
3.62	0.73	974.13
3.62	0.72	975.14
3.62	0.73	976.16
3.62	0.73	977.18
3.61	0.72	978.19
3.62	0.72	979.20
3.62	0.72	980.21
3.61	0.73	981.23
3.62	0.74	982.27
3.62	0.72	983.28
3.63	0.73	984.30
3.62	0.73	985.33
3.61	0.72	986.34
3.61	0.73	987.36
3.61	0.73	988.38
3.62	0.73	989.40
3.61	0.72	990.41
3.62	0.72	991.42
3.62	0.72	992.43
3.62	0.73	993.45
3.61	0.72	994.46
3.61	0.72	995.47
3.62	0.72	996.48
3.62	0.73	997.50
3.62	0.73	998.53
3.62	0.73	999.55
3.62	0.72	1000.56
3.62	0.73	1001.59
3.61	0.73	1002.61
3.61	0.72	1003.62
3.61	0.73	1004.64
3.62	0.72	1005.66
3.61	0.72	1006.67
3.61	0.72	1007.68
3.61	0.73	1008.70
3.61	0.72	1009.72
3.61	0.73	1010.74
3.61	0.73	1011.76
3.60	0.72	1012.77
3.61	0.72	1013.78
3.61	0.73	1014.80
3.61	0.73	1015.83
3.62	0.73	1016.85
3.60	0.72	1017.86
3.61	0.73	1018.88
3.62	0.74	1019.92
3.61	0.73	1020.94
3.61	0.73	1021.96
3.60	0.72	1022.98
3.61	0.73	1024.00
3.60	0.72	1025.01
3.61	0.73	1026.03
3.60	0.73	1027.05
3.61	0.73	1028.08
3.61	0.73	1029.10
3.61	0.73	1030.12
3.60	0.72	1031.14
3.60	0.72	1032.14
3.61	0.73	1033.16
3.60	0.73	1034.19
3.61	0.72	1035.20
3.60	0.73	1036.22
3.61	0.73	1037.24
3.60	0.73	1038.26
3.60	0.72	1039.26
3.60	0.72	1040.26
3.60	0.72	1041.27
3.60	0.73	1042.29
3.60	0.72	1043.31
3.60	0.73	1044.33
3.60	0.73	1045.35
3.60	0.72	1046.36
3.60	0.73	1047.38
3.60	0.72	1048.38
3.60	0.73	1049.41
3.59	0.72	1050.42
3.60	0.72	1051.44
3.60	0.73	1052.46
3.60	0.72	1053.48
3.61	0.73	1054.50
3.60	0.73	1055.52
3.60	0.73	1056.54
3.59	0.72	1057.56
3.59	0.72	1058.56
3.59	0.72	1059.57
3.59	0.72	1060.57
3.59	0.72	1061.58
3.60	0.72	1062.59
3.60	0.72	1063.60
3.60	0.73	1064.62
3.59	0.72	1065.64
3.60	0.73	1066.66
3.59	0.72	1067.67
3.59	0.72	1068.67
3.60	0.72	1069.67
3.61	0.73	1070.70
3.58	0.72	1071.71
3.59	0.73	1072.73
3.60	0.73	1073.75
3.60	0.73	1074.77
3.59	0.72	1075.79
3.59	0.72	1076.79
3.59	0.72	1077.81
3.61	0.73	1078.83
3.58	0.72	1079.84
3.59	0.72	1080.85
3.58	0.72	1081.86
3.60	0.73	1082.88
3.58	0.72	1083.89
3.59	0.73	1084.91
3.60	0.73	1085.93
3.59	0.72	1086.94
3.59	0.73	1087.96
3.58	0.72	1088.96
3.59	0.73	1089.98
3.58	0.72	1090.99
3.59	0.73	1092.01
3.59	0.72	1093.02
3.59	0.72	1094.03
3.59	0.73	1095.05
3.58	0.72	1096.07
3.60	0.73	1097.09
3.59	0.72	1098.10
3.58	0.72	1099.11
3.59	0.72	1100.12
3.58	0.72	1101.13
3.58	0.72	1102.14
3.59	0.72	1103.15
3.59	0.73	1104.17
3.58	0.72	1105.18
3.58	0.72	1106.19
3.58	0.72	1107.19
3.58	0.72	1108.21
3.58	0.72	1109.21
3.58	0.72	1110.23
3.58	0.72	1111.23
3.58	0.72	1112.23
3.58	0.72	1113.25
3.58	0.72	1114.26
3.59	0.73	1115.28
3.58	0.72	1116.28
3.58	0.72	1117.29
3.58	0.72	1118.31
3.58	0.72	1119.32
3.58	0.72	1120.33
3.58	0.72	1121.34
3.58	0.72	1122.34
3.59	0.73	1123.36
3.59	0.73	1124.38
3.57	0.72	1125.39
3.57	0.72	1126.40
3.57	0.72	1127.41
3.58	0.73	1128.43
3.58	0.72	1129.44
3.57	0.72	1130.45
3.58	0.72	1131.45
3.58	0.72	1132.46
3.58	0.72	1133.47
3.58	0.72	1134.47
3.57	0.72	1135.48
3.58	0.72	1136.48
3.57	0.72	1137.49
3.57	0.72	1138.50
3.58	0.72	1139.50
3.57	0.72	1140.51
3.58	0.71	1141.51
3.57	0.72	1142.52
3.58	0.72	1143.53
3.57	0.72	1144.54
3.57	0.72	1145.55
3.57	0.72	1146.56
3.57	0.72	1147.56
3.58	0.72	1148.58
3.57	0.72	1149.59
3.57	0.72	1150.59
3.57	0.72	1151.61
3.58	0.72	1152.62
3.57	0.72	1153.64
3.57	0.72	1154.65
3.56	0.72	1155.66
3.57	0.72	1156.66
3.58	0.72	1157.68
3.57	0.72	1158.69
3.57	0.72	1159.70
3.57	0.71	1160.69
3.57	0.72	1161.70
3.57	0.72	1162.70
3.56	0.72	1163.70
3.56	0.72	1164.71
3.57	0.72	1165.71
3.57	0.72	1166.72
3.57	0.72	1167.73
3.56	0.72	1168.73
3.57	0.72	1169.74
3.57	0.72	1170.74
3.56	0.72	1171.75
3.56	0.71	1172.74
3.57	0.72	1173.74
3.57	0.72	1174.75
3.56	0.72	1175.75
3.56	0.72	1176.75
3.56	0.72	1177.76
3.57	0.72	1178.77
3.55	0.71	1179.76
3.55	0.72	1180.77
3.57	0.72	1181.77
3.56	0.71	1182.76
3.55	0.72	1183.76
3.56	0.72	1184.77
3.56	0.72	1185.78
3.56	0.71	1186.77
3.56	0.72	1187.79
3.55	0.71	1188.78
3.56	0.72	1189.78
3.56	0.72	1190.79
3.55	0.72	1191.79
3.56	0.71	1192.79
3.55	0.72	1193.79
3.56	0.72	1194.79
3.55	0.72	1195.80
3.57	0.72	1196.81
3.55	0.71	1197.81
3.55	0.72	1198.81
3.56	0.72	1199.82
3.55	0.72	1200.82
3.56	0.72	1201.83
3.55	0.72	1202.83
3.55	0.71	1203.82
3.55	0.71	1204.81
3.55	0.72	1205.82
3.54	0.70	1206.80
3.55	0.72	1207.80
3.57	0.73	1208.82
3.55	0.72	1209.83
3.56	0.72	1210.83
3.56	0.72	1211.84
3.55	0.72	1212.84
3.55	0.72	1213.85
3.54	0.71	1214.84
3.54	0.71	1215.84
3.55	0.72	1216.85
3.54	0.71	1217.84
3.55	0.72	1218.85
3.54	0.72	1219.85
3.55	0.72	1220.85
3.55	0.71	1221.85
3.54	0.72	1222.85
3.54	0.71	1223.84
3.55	0.72	1224.85
3.54	0.71	1225.84
3.55	0.72	1226.85
3.54	0.72	1227.85
3.55	0.72	1228.86
3.55	0.72	1229.87
3.54	0.72	1230.87
3.54	0.72	1231.87
3.54	0.72	1232.88
3.55	0.72	1233.88
3.54	0.72	1234.89
3.55	0.71	1235.88
3.54	0.72	1236.88
3.54	0.72	1237.89
3.55	0.72	1238.90
3.54	0.71	1239.90
3.54	0.71	1240.89
3.54	0.72	1241.89
3.54	0.71	1242.89
3.54	0.72	1243.89
3.54	0.72	1244.89
3.54	0.71	1245.89
3.53	0.71	1246.88
3.55	0.72	1247.89
3.54	0.72	1248.89
3.54	0.71	1249.89
3.54	0.72	1250.90
3.53	0.70	1251.88
3.54	0.71	1252.87
3.54	0.71	1253.87
3.54	0.72	1254.87
3.54	0.72	1255.87
3.54	0.71	1256.87
3.53	0.71	1257.86
3.53	0.71	1258.85
3.54	0.71	1259.85
3.54	0.71	1260.84
3.53	0.72	1261.84
3.53	0.72	1262.84
3.53	0.71	1263.84
3.53	0.71	1264.83
3.54	0.72	1265.83
3.53	0.72	1266.83
3.54	0.72	1267.84
3.54	0.72	1268.84
3.54	0.72	1269.85
3.53	0.71	1270.84
3.54	0.71	1271.84
3.52	0.70	1272.82
3.53	0.71	1273.82
3.52	0.71	1274.81
3.53	0.71	1275.81
3.52	0.70	1276.79
3.52	0.71	1277.78
3.52	0.71	1278.77
3.53	0.72	1279.77
3.52	0.71	1280.76
3.52	0.71	1281.75
3.52	0.71	1282.75
3.53	0.71	1283.74
3.52	0.71	1284.73
3.53	0.72	1285.73
3.52	0.71	1286.72
3.52	0.71	1287.71
3.52	0.71	1288.70
3.52	0.71	1289.69
3.52	0.71	1290.68
3.53	0.71	1291.67
3.51	0.70	1292.66
3.52	0.71	1293.65
3.53	0.71	1294.64
3.53	0.72	1295.64
3.52	0.71	1296.63
3.53	0.72	1297.64
3.52	0.71	1298.64
3.52	0.71	1299.62
3.51	0.71	1300.61
3.51	0.71	1301.60
3.51	0.70	1302.59
3.51	0.70	1303.57
3.51	0.71	1304.56
3.52	0.72	1305.56
3.51	0.71	1306.55
3.51	0.71	1307.54
3.52	0.71	1308.54
3.51	0.70	1309.52
3.51	0.70	1310.50
3.51	0.70	1311.48
3.51	0.71	1312.47
3.51	0.71	1313.46
3.51	0.71	1314.45
3.51	0.70	1315.43
3.50	0.70	1316.41
3.51	0.71	1317.41
3.50	0.69	1318.38
3.49	0.70	1339.54
3.51	0.71	1340.54
3.50	0.70	1341.52
3.50	0.71	1342.51
3.50	0.70	1343.49
3.50	0.71	1344.48
3.49	0.71	1345.47
3.50	0.70	1346.45
3.50	0.72	1347.45
3.49	0.70	1348.43
3.50	0.71	1349.42
3.50	0.71	1350.41
3.50	0.71	1351.41
3.50	0.70	1352.38
3.50	0.70	1353.37
3.50	0.70	1354.35
3.51	0.72	1355.35
3.49	0.70	1356.33
3.49	0.70	1357.30
3.49	0.70	1358.28
3.49	0.70	1359.26
3.49	0.70	1360.24
3.49	0.70	1361.22
3.50	0.70	1362.21
3.50	0.70	1363.19
3.49	0.70	1364.17
3.49	0.70	1365.15
3.48	0.70	1366.14
3.48	0.70	1367.12
3.49	0.70	1368.10
3.49	0.70	1369.08
3.49	0.70	1370.06
3.49	0.71	1371.04
3.49	0.71	1372.03
3.48	0.70	1373.02
3.48	0.70	1374.00
3.49	0.70	1374.98
3.48	0.70	1375.96
3.48	0.70	1376.94
3.49	0.70	1377.92
3.48	0.69	1378.89
3.48	0.69	1379.86
3.48	0.71	1380.85
3.48	0.70	1381.84
3.48	0.71	1382.83
3.48	0.70	1383.81
3.48	0.70	1384.79
3.48	0.70	1385.77
3.47	0.70	1386.75
3.48	0.71	1387.74
3.47	0.69	1388.71
3.48	0.70	1389.69
3.48	0.71	1390.69
3.47	0.70	1391.67
3.47	0.70	1392.65
3.47	0.70	1393.63
3.47	0.70	1394.61
3.48	0.70	1395.59
3.47	0.70	1396.57
3.47	0.70	1397.56
3.48	0.69	1398.53
3.47	0.70	1399.50
3.47	0.69	1400.47
3.47	0.70	1401.45
3.47	0.70	1402.43
3.48	0.70	1403.41
3.47	0.70	1404.39
3.47	0.70	1405.37
3.47	0.70	1406.35
3.47	0.69	1407.32
3.47	0.70	1408.30
3.47	0.70	1409.28
3.47	0.70	1410.25
3.47	0.70	1411.23
3.47	0.70	1412.21
3.47	0.69	1413.17
3.46	0.69	1414.14
3.47	0.69	1415.11
3.46	0.70	1416.09
3.47	0.70	1417.07
3.47	0.70	1418.05
3.46	0.70	1419.03
3.46	0.70	1420.01
3.46	0.69	1420.98
3.47	0.69	1421.94
3.47	0.70	1422.92
3.48	0.71	1423.91
3.46	0.70	1424.89
3.46	0.70	1425.86
3.46	0.69	1426.83
3.46	0.70	1427.81
3.46	0.70	1428.79
3.46	0.69	1429.76
3.47	0.70	1430.74
3.46	0.70	1431.72
3.47	0.69	1432.69
3.46	0.70	1433.67
3.46	0.69	1434.64
3.47	0.70	1435.62
3.45	0.69	1436.59
3.46	0.70	1437.58
3.46	0.70	1438.55
3.46	0.70	1439.53
3.46	0.70	1440.51
3.47	0.70	1441.48
3.47	0.70	1442.47
3.46	0.70	1443.44
3.45	0.69	1444.41
3.45	0.70	1445.39
3.45	0.70	1446.37
3.46	0.69	1447.34
3.46	0.70	1448.31
3.46	0.70	1449.30
3.45	0.69	1450.26
3.45	0.69	1451.23
3.45	0.70	1452.21
3.46	0.71	1453.20
3.46	0.70	1454.17
3.45	0.69	1455.14
3.46	0.70	1456.13
3.46	0.71	1457.12
3.45	0.69	1458.09
3.46	0.70	1459.06
3.45	0.69	1460.03
3.45	0.70	1461.00
3.44	0.69	1461.97
3.44	0.69	1462.93
3.45	0.70	1463.91
3.44	0.69	1464.88
3.44	0.70	1465.86
3.45	0.69	1466.83
3.44	0.69	1467.80
3.44	0.68	1468.76
3.44	0.69	1469.73
3.44	0.68	1470.68
3.45	0.70	1471.66
3.44	0.69	1472.62
3.44	0.69	1473.59
3.45	0.69	1474.56
3.45	0.70	1475.54
3.44	0.68	1476.49
3.44	0.70	1477.47
3.44	0.70	1478.45
3.44	0.69	1479.42
3.43	0.69	1480.38
3.44	0.69	1481.35
3.43	0.68	1482.31
3.44	0.70	1483.29
3.44	0.70	1484.26
3.43	0.68	1485.22
3.44	0.70	1486.20
3.43	0.69	1487.16
3.44	0.69	1488.13
3.43	0.69	1489.10
3.44	0.69	1490.07
3.43	0.69	1491.04
3.43	0.68	1491.99
3.44	0.70	1492.97
3.44	0.69	1493.94
3.43	0.68	1494.90
3.44	0.69	1495.87
3.43	0.69	1496.84
3.43	0.68	1497.80
3.43	0.68	1498.75
3.43	0.69	1499.72
3.43	0.69	1500.68
3.43	0.69	1501.65
3.43	0.69	1502.62
3.43	0.69	1503.59
3.43	0.69	1504.56
3.43	0.69	1505.52
3.43	0.69	1506.49
3.43	0.69	1507.46
3.43	0.69	1508.43
3.43	0.69	1509.40
3.43	0.69	1510.38
3.43	0.69	1511.35
3.43	0.68	1512.30
3.43	0.70	1513.28
3.43	0.69	1514.25
3.43	0.69	1515.22
3.43	0.70	1516.19
3.42	0.69	1517.16
3.43	0.70	1518.13
3.42	0.69	1519.10
3.42	0.68	1520.06
3.42	0.69	1521.02
3.43	0.69	1521.99
3.43	0.70	1522.97
3.43	0.70	1523.95
3.43	0.69	1524.92
3.42	0.68	1525.88
3.42	0.69	1526.84
3.43	0.69	1527.81
3.42	0.69	1528.78
3.43	0.69	1529.75
3.42	0.68	1530.71
3.43	0.69	1531.67
3.42	0.69	1532.64
3.42	0.68	1533.60
3.42	0.69	1534.56
3.42	0.69	1535.53
3.43	0.70	1536.50
3.41	0.68	1537.46
3.41	0.68	1538.41
3.42	0.69	1539.37
3.41	0.69	1540.34
3.43	0.69	1541.31
3.41	0.69	1542.27
3.41	0.69	1543.24
3.42	0.69	1544.20
3.41	0.69	1545.16
3.42	0.68	1546.12
3.42	0.69	1547.09
3.41	0.69	1548.06
3.41	0.69	1549.03
3.41	0.68	1549.99
3.42	0.69	1550.96
3.41	0.69	1551.93
3.42	0.69	1552.89
3.40	0.68	1553.85
3.41	0.69	1554.81
3.42	0.69	1555.78
3.42	0.69	1556.74
3.41	0.69	1557.71
3.41	0.69	1558.68
3.42	0.69	1559.65
3.41	0.69	1560.62
3.40	0.69	1561.58
3.41	0.69	1562.55
3.42	0.70	1563.52
3.40	0.68	1564.48
3.42	0.70	1565.45
3.40	0.68	1566.41
3.40	0.68	1567.37
3.42	0.68	1568.33
3.40	0.68	1569.29
3.40	0.68	1570.24
3.40	0.68	1571.20
3.40	0.68	1572.16
3.40	0.68	1573.11
3.40	0.68	1574.07
3.40	0.68	1575.02
3.40	0.68	1575.98
3.40	0.68	1576.94
3.42	0.68	1577.90
3.40	0.69	1578.86
3.39	0.68	1579.81
3.41	0.69	1580.78
3.40	0.68	1581.73
3.41	0.68	1582.68
3.40	0.69	1583.64
3.40	0.68	1584.60
3.40	0.69	1585.57
3.40	0.69	1586.54
3.40	0.68	1587.50
3.39	0.68	1588.45
3.40	0.68	1589.41
3.40	0.68	1590.36
3.40	0.68	1591.32
3.39	0.68	1592.27
3.40	0.68	1593.23
3.41	0.69	1594.20
3.39	0.68	1595.15
3.40	0.69	1596.11
3.40	0.68	1597.07
3.39	0.68	1598.03
3.39	0.68	1598.99
3.40	0.69	1599.95
3.39	0.68	1600.91
3.39	0.68	1601.86
3.39	0.68	1602.82
3.39	0.68	1603.77
3.39	0.68	1604.73
3.39	0.68	1605.68
3.39	0.68	1606.64
3.39	0.68	1607.59
3.39	0.68	1608.55
3.39	0.68	1609.50
3.40	0.68	1610.45
3.39	0.68	1611.41
3.40	0.68	1612.36
3.39	0.69	1613.33
3.39	0.68	1614.29
3.39	0.67	1615.23
3.39	0.69	1616.19
3.39	0.68	1617.15
3.39	0.68	1618.10
3.40	0.69	1619.07
3.39	0.69	1620.04
3.39	0.68	1620.99
3.39	0.68	1621.95
3.38	0.68	1622.90
3.39	0.68	1623.84
3.39	0.69	1624.81
3.38	0.68	1625.75
3.39	0.68	1626.71
3.39	0.68	1627.67
3.39	0.68	1628.63
3.39	0.69	1629.59
3.38	0.68	1630.54
3.39	0.68	1631.50
3.39	0.68	1632.45
3.38	0.68	1633.39
3.39	0.68	1634.35
3.39	0.68	1635.31
3.38	0.68	1636.27
3.38	0.67	1637.21
3.38	0.68	1638.16
3.38	0.68	1639.12
3.38	0.68	1640.07
3.38	0.68	1641.02
3.40	0.69	1641.99
3.38	0.68	1642.94
3.38	0.68	1643.90
3.39	0.69	1644.87
3.38	0.68	1645.81
3.38	0.68	1646.76
3.38	0.68	1647.72
3.38	0.68	1648.67
3.39	0.68	1649.63
3.38	0.68	1650.58
3.38	0.68	1651.54
3.39	0.68	1652.49
3.38	0.68	1653.45
3.38	0.68	1654.40
3.38	0.68	1655.36
3.37	0.67	1656.30
3.39	0.68	1657.25
3.37	0.68	1658.21
3.37	0.68	1659.15
3.37	0.68	1660.10
3.37	0.68	1661.05
3.38	0.68	1662.00
3.37	0.68	1662.95
3.37	0.68	1663.89
3.37	0.67	1664.83
3.37	0.68	1665.78
3.37	0.67	1666.72
3.37	0.68	1667.68
3.37	0.68	1668.63
3.37	0.68	1669.57
3.38	0.68	1670.53
3.37	0.68	1671.47
3.37	0.68	1672.42
3.38	0.69	1673.38
3.38	0.68	1674.34
3.37	0.68	1675.29
3.38	0.69	1676.25
3.36	0.68	1677.20
3.37	0.68	1678.15
3.37	0.68	1679.09
3.36	0.68	1680.04
3.37	0.68	1680.99
3.37	0.68	1681.94
3.37	0.68	1682.89
3.36	0.67	1683.83
3.36	0.67	1684.77
3.37	0.68	1685.72
3.36	0.68	1686.67
3.36	0.68	1687.61
3.38	0.68	1688.57
3.37	0.68	1689.52
3.36	0.67	1690.46
3.36	0.68	1691.41
3.36	0.68	1692.37
3.36	0.68	1693.31
3.36	0.68	1694.26
3.37	0.68	1695.21
3.37	0.68	1696.16
3.36	0.68	1697.11
3.36	0.68	1698.06
3.36	0.68	1699.00
3.37	0.68	1699.96
3.36	0.68	1700.90
3.36	0.68	1701.85
3.37	0.68	1702.81
3.36	0.68	1703.76
3.35	0.68	1704.70
3.36	0.68	1705.65
3.35	0.67	1706.59
3.35	0.67	1707.53
3.36	0.68	1708.47
3.35	0.67	1709.41
3.36	0.68	1710.36
3.35	0.68	1711.31
3.36	0.67	1712.25
3.37	0.68	1713.21
3.35	0.68	1714.16
3.35	0.68	1715.10
3.37	0.69	1716.07
3.35	0.68	1717.01
