Battery Capacity Checker v1.1
battVolt   current     mAh
1.41	-0.00	-0.00
1.36	0.27	0.37
1.34	0.27	0.75
1.35	0.27	1.13
1.35	0.27	1.52
1.34	0.27	1.89
1.34	0.27	2.27
1.35	0.27	2.65
1.35	0.27	3.02
1.34	0.26	3.39
1.34	0.27	3.77
1.34	0.27	4.15
1.34	0.27	4.52
1.34	0.27	4.90
1.34	0.27	5.28
1.34	0.27	5.66
1.33	0.26	6.03
1.34	0.27	6.40
1.34	0.27	6.78
1.33	0.26	7.14
1.33	0.26	7.51
1.34	0.27	7.89
1.35	0.27	8.26
1.34	0.27	8.64
1.33	0.26	9.00
1.34	0.27	9.38
1.34	0.27	9.75
1.33	0.27	10.13
1.33	0.27	10.50
1.34	0.27	10.88
1.33	0.27	11.25
1.34	0.27	11.63
1.33	0.26	12.00
1.33	0.27	12.37
1.33	0.26	12.74
1.33	0.26	13.10
1.33	0.27	13.48
1.33	0.27	13.85
1.33	0.27	14.22
1.33	0.27	14.59
1.33	0.27	14.97
1.33	0.27	15.34
1.33	0.26	15.71
1.33	0.27	16.08
1.33	0.27	16.46
1.33	0.27	16.83
1.33	0.27	17.21
1.33	0.26	17.57
1.33	0.27	17.95
1.32	0.26	18.32
1.33	0.26	18.68
1.33	0.26	19.05
1.33	0.26	19.41
1.33	0.27	19.79
1.33	0.26	20.15
1.32	0.27	20.53
1.33	0.27	20.90
1.33	0.27	21.27
1.33	0.26	21.64
1.32	0.27	22.01
1.33	0.26	22.37
1.32	0.26	22.74
1.32	0.27	23.11
1.33	0.27	23.49
1.32	0.27	23.86
1.32	0.26	24.23
1.33	0.27	24.60
1.32	0.26	24.97
1.33	0.27	25.34
1.32	0.27	25.71
1.33	0.26	26.08
1.32	0.27	26.45
1.33	0.26	26.82
1.32	0.27	27.19
1.32	0.27	27.56
1.32	0.27	27.93
1.33	0.27	28.31
1.31	0.26	28.67
1.32	0.25	29.03
1.32	0.26	29.39
1.31	0.26	29.76
1.32	0.26	30.12
1.31	0.27	30.50
1.32	0.25	30.85
1.32	0.27	31.23
1.32	0.26	31.60
1.32	0.27	31.97
1.31	0.26	32.33
1.32	0.27	32.71
1.33	0.27	33.08
1.32	0.27	33.46
1.32	0.26	33.82
1.31	0.26	34.19
1.32	0.26	34.56
1.30	0.25	34.90
1.32	0.26	35.27
1.31	0.26	35.63
1.31	0.26	35.99
1.31	0.27	36.37
1.31	0.25	36.72
1.32	0.27	37.09
1.31	0.27	37.47
1.32	0.27	37.84
1.31	0.26	38.21
1.31	0.26	38.58
1.31	0.26	38.94
1.31	0.26	39.30
1.31	0.27	39.67
1.31	0.27	40.04
1.31	0.27	40.41
1.31	0.27	40.79
1.31	0.26	41.14
1.31	0.26	41.50
1.31	0.26	41.87
1.32	0.27	42.25
1.31	0.26	42.61
1.31	0.26	42.97
1.31	0.26	43.34
1.31	0.26	43.70
1.31	0.26	44.07
1.31	0.26	44.43
1.31	0.26	44.79
1.31	0.26	45.16
1.31	0.27	45.53
1.31	0.27	45.90
1.30	0.26	46.27
1.30	0.27	46.64
1.30	0.26	47.01
1.30	0.26	47.37
1.30	0.26	47.73
1.30	0.26	48.10
1.31	0.27	48.48
1.30	0.26	48.84
1.30	0.27	49.21
1.31	0.27	49.58
1.30	0.26	49.95
1.31	0.27	50.32
1.31	0.27	50.70
1.30	0.25	51.05
1.31	0.27	51.43
1.30	0.27	51.80
1.30	0.26	52.17
1.30	0.25	52.52
1.30	0.26	52.88
1.30	0.25	53.24
1.30	0.25	53.59
1.30	0.26	53.96
1.30	0.26	54.32
1.30	0.26	54.68
1.30	0.26	55.05
1.30	0.26	55.42
1.30	0.26	55.78
1.30	0.25	56.14
1.30	0.26	56.50
1.30	0.26	56.87
1.30	0.27	57.24
1.31	0.27	57.62
1.30	0.26	57.99
1.30	0.26	58.35
1.30	0.26	58.71
1.29	0.26	59.07
1.30	0.27	59.45
1.30	0.26	59.82
1.29	0.26	60.18
1.30	0.27	60.55
1.29	0.26	60.91
1.29	0.26	61.27
1.30	0.26	61.64
1.30	0.27	62.01
1.30	0.26	62.37
1.29	0.26	62.73
1.30	0.26	63.10
1.29	0.26	63.46
1.29	0.26	63.83
1.29	0.26	64.20
1.29	0.26	64.56
1.29	0.26	64.92
1.29	0.25	65.28
1.29	0.26	65.64
1.29	0.26	66.01
1.29	0.26	66.37
1.29	0.26	66.73
1.29	0.26	67.09
1.29	0.25	67.45
1.29	0.26	67.81
1.29	0.26	68.18
1.29	0.26	68.54
1.29	0.25	68.89
1.29	0.26	69.26
1.29	0.26	69.62
1.29	0.26	69.98
1.30	0.26	70.35
1.29	0.26	70.71
1.29	0.26	71.07
1.29	0.26	71.43
1.29	0.25	71.79
1.29	0.26	72.15
1.29	0.25	72.50
1.29	0.26	72.87
1.29	0.25	73.22
1.29	0.26	73.58
1.29	0.25	73.93
1.29	0.26	74.29
1.29	0.26	74.65
1.29	0.26	75.02
1.29	0.26	75.38
1.29	0.26	75.74
1.29	0.26	76.10
1.29	0.26	76.47
1.29	0.27	76.85
1.29	0.26	77.22
1.29	0.26	77.58
1.29	0.26	77.94
1.29	0.26	78.30
1.28	0.26	78.66
1.29	0.26	79.02
1.29	0.26	79.38
1.28	0.26	79.74
1.29	0.27	80.11
1.29	0.26	80.48
1.28	0.25	80.83
1.28	0.26	81.19
1.29	0.26	81.56
1.29	0.26	81.92
1.29	0.26	82.28
1.29	0.26	82.64
1.29	0.26	83.01
1.29	0.26	83.38
1.29	0.26	83.74
1.28	0.26	84.10
1.29	0.26	84.47
1.28	0.26	84.83
1.29	0.26	85.19
1.29	0.26	85.56
1.28	0.26	85.92
1.28	0.26	86.29
1.28	0.26	86.65
1.29	0.26	87.01
1.28	0.26	87.37
1.28	0.26	87.73
1.28	0.25	88.09
1.29	0.26	88.45
1.28	0.26	88.81
1.28	0.26	89.17
1.28	0.25	89.53
1.28	0.26	89.89
1.28	0.26	90.25
1.28	0.26	90.61
1.28	0.25	90.96
1.28	0.25	91.31
1.28	0.25	91.66
1.28	0.25	92.01
1.29	0.27	92.39
1.28	0.26	92.75
1.28	0.25	93.10
1.28	0.25	93.45
1.28	0.25	93.81
1.28	0.26	94.17
1.28	0.25	94.52
1.28	0.27	94.89
1.29	0.27	95.27
1.28	0.26	95.63
1.28	0.26	95.99
1.28	0.25	96.33
1.27	0.25	96.68
1.28	0.26	97.04
1.28	0.25	97.39
1.27	0.26	97.75
1.28	0.26	98.11
1.28	0.26	98.48
1.28	0.26	98.84
1.27	0.25	99.19
1.28	0.26	99.55
1.28	0.26	99.91
1.27	0.26	100.27
1.28	0.26	100.63
1.27	0.25	100.98
1.27	0.25	101.33
1.27	0.25	101.69
1.27	0.25	102.04
1.28	0.26	102.41
1.27	0.26	102.77
1.27	0.25	103.12
1.27	0.26	103.48
1.27	0.25	103.83
1.27	0.26	104.19
1.27	0.25	104.54
1.27	0.26	104.90
1.27	0.25	105.25
1.27	0.26	105.61
1.27	0.25	105.96
1.27	0.25	106.32
1.27	0.26	106.68
1.27	0.25	107.03
1.27	0.25	107.39
1.27	0.25	107.74
1.27	0.25	108.09
1.27	0.25	108.44
1.27	0.25	108.79
1.27	0.25	109.14
1.27	0.26	109.50
1.27	0.25	109.86
1.27	0.25	110.20
1.27	0.25	110.56
1.27	0.26	110.92
1.26	0.25	111.27
1.27	0.26	111.63
1.27	0.25	111.98
1.26	0.24	112.32
1.26	0.24	112.66
1.27	0.25	113.02
1.27	0.26	113.38
1.26	0.25	113.73
1.27	0.25	114.08
1.26	0.24	114.42
1.26	0.24	114.77
1.26	0.25	115.11
1.26	0.25	115.47
1.26	0.24	115.81
1.26	0.25	116.16
1.26	0.25	116.52
1.27	0.25	116.87
1.26	0.25	117.22
1.26	0.25	117.58
1.26	0.25	117.93
1.27	0.26	118.29
1.26	0.25	118.65
1.26	0.25	119.00
1.26	0.25	119.35
1.27	0.26	119.71
1.27	0.26	120.07
1.27	0.26	120.43
1.26	0.24	120.77
1.27	0.26	121.13
1.26	0.25	121.49
1.27	0.26	121.85
1.26	0.25	122.20
1.26	0.25	122.54
1.26	0.26	122.90
1.26	0.26	123.26
1.26	0.26	123.62
1.26	0.26	123.98
1.26	0.26	124.34
1.26	0.25	124.69
1.26	0.25	125.04
1.26	0.25	125.40
1.26	0.26	125.76
1.26	0.26	126.12
1.26	0.25	126.47
1.27	0.26	126.84
1.25	0.24	127.18
1.27	0.26	127.55
1.26	0.25	127.90
1.26	0.25	128.25
1.25	0.25	128.60
1.25	0.24	128.94
1.26	0.25	129.29
1.26	0.25	129.64
1.26	0.25	130.00
1.26	0.26	130.36
1.26	0.25	130.71
1.27	0.26	131.07
1.27	0.25	131.43
1.26	0.25	131.77
1.27	0.25	132.13
1.27	0.26	132.49
1.27	0.26	132.85
1.26	0.25	133.20
1.27	0.26	133.56
1.26	0.24	133.90
1.26	0.24	134.24
1.26	0.25	134.60
1.26	0.24	134.94
1.28	0.25	135.29
1.27	0.26	135.65
1.26	0.25	136.01
1.27	0.26	136.37
1.26	0.25	136.72
1.27	0.26	137.08
1.26	0.25	137.43
1.27	0.25	137.78
1.27	0.26	138.14
1.27	0.26	138.50
1.26	0.25	138.85
1.27	0.25	139.20
1.26	0.24	139.54
1.27	0.25	139.89
1.26	0.25	140.25
1.27	0.26	140.61
1.27	0.26	140.97
1.27	0.26	141.33
1.26	0.25	141.68
1.25	0.24	142.02
1.26	0.25	142.37
1.26	0.25	142.73
1.27	0.25	143.08
1.26	0.25	143.42
1.26	0.25	143.78
1.27	0.26	144.14
1.26	0.25	144.48
1.27	0.25	144.84
1.26	0.25	145.19
1.26	0.25	145.53
1.26	0.25	145.89
1.26	0.25	146.24
1.26	0.25	146.60
1.26	0.26	146.96
1.26	0.25	147.31
1.26	0.25	147.66
1.26	0.25	148.02
1.26	0.25	148.37
1.26	0.25	148.72
1.26	0.25	149.07
1.26	0.25	149.42
1.26	0.26	149.78
1.26	0.25	150.13
1.26	0.25	150.48
1.26	0.25	150.83
1.25	0.25	151.18
1.26	0.25	151.54
1.26	0.26	151.90
1.26	0.25	152.25
1.26	0.26	152.61
1.25	0.25	152.96
1.26	0.25	153.31
1.26	0.26	153.67
1.26	0.25	154.02
1.26	0.25	154.38
1.26	0.26	154.74
1.26	0.25	155.09
1.26	0.26	155.45
1.25	0.25	155.81
1.26	0.25	156.15
1.25	0.25	156.50
1.25	0.25	156.86
1.27	0.26	157.22
1.25	0.25	157.57
1.26	0.26	157.94
1.25	0.25	158.28
1.25	0.26	158.64
1.26	0.26	159.00
1.26	0.26	159.37
1.26	0.26	159.73
1.25	0.25	160.08
1.25	0.25	160.43
1.25	0.25	160.78
1.25	0.24	161.12
1.25	0.25	161.47
1.25	0.24	161.81
1.25	0.24	162.15
1.25	0.25	162.50
1.25	0.24	162.83
1.25	0.24	163.17
1.25	0.24	163.52
1.26	0.26	163.88
1.25	0.25	164.23
1.25	0.25	164.58
1.25	0.25	164.93
1.25	0.25	165.28
1.25	0.25	165.63
1.25	0.25	165.99
1.25	0.25	166.33
1.25	0.24	166.67
1.25	0.25	167.02
1.26	0.26	167.38
1.25	0.24	167.72
1.25	0.26	168.08
1.25	0.25	168.42
1.25	0.24	168.77
1.25	0.25	169.11
1.25	0.25	169.46
1.25	0.25	169.82
1.26	0.25	170.17
1.25	0.26	170.53
1.25	0.25	170.88
1.25	0.25	171.23
1.25	0.25	171.58
1.25	0.24	171.93
1.25	0.25	172.27
1.25	0.24	172.61
1.26	0.25	172.97
1.25	0.25	173.32
1.25	0.25	173.66
1.25	0.25	174.02
1.25	0.24	174.35
1.25	0.25	174.71
1.25	0.25	175.06
1.25	0.25	175.41
1.25	0.26	175.77
1.25	0.25	176.12
1.25	0.25	176.47
1.25	0.25	176.82
1.25	0.24	177.16
1.25	0.25	177.52
1.25	0.25	177.87
1.25	0.25	178.21
1.26	0.26	178.57
1.25	0.24	178.91
1.25	0.25	179.26
1.25	0.25	179.62
1.25	0.26	179.98
1.25	0.25	180.33
1.25	0.24	180.67
1.25	0.26	181.03
1.26	0.26	181.39
1.25	0.25	181.74
1.25	0.25	182.09
1.25	0.25	182.44
1.25	0.25	182.79
1.25	0.25	183.15
1.25	0.26	183.51
1.25	0.25	183.86
1.26	0.25	184.22
1.25	0.25	184.57
1.25	0.25	184.92
1.25	0.25	185.27
1.25	0.25	185.62
1.25	0.26	185.98
1.25	0.25	186.34
1.25	0.25	186.69
1.25	0.25	187.04
1.24	0.24	187.38
1.25	0.25	187.73
1.25	0.25	188.09
1.24	0.25	188.44
1.25	0.25	188.78
1.25	0.24	189.12
1.25	0.24	189.47
1.26	0.26	189.83
1.25	0.25	190.18
1.25	0.24	190.52
1.26	0.26	190.88
1.24	0.24	191.22
1.24	0.25	191.57
1.25	0.25	191.92
1.25	0.26	192.28
1.24	0.24	192.63
1.25	0.25	192.97
1.25	0.25	193.33
1.25	0.25	193.68
1.25	0.25	194.03
1.24	0.25	194.38
1.25	0.25	194.72
1.24	0.25	195.07
1.25	0.25	195.42
1.25	0.25	195.77
1.25	0.26	196.13
1.25	0.25	196.49
1.25	0.26	196.85
1.24	0.24	197.18
1.24	0.24	197.52
1.25	0.24	197.86
1.24	0.25	198.22
1.25	0.25	198.57
1.25	0.25	198.92
1.25	0.25	199.27
1.25	0.25	199.62
1.24	0.25	199.97
1.24	0.25	200.32
1.24	0.24	200.65
1.25	0.26	201.01
1.25	0.25	201.36
1.25	0.26	201.72
1.25	0.25	202.07
1.24	0.23	202.40
1.25	0.26	202.76
1.25	0.24	203.10
1.25	0.25	203.45
1.24	0.25	203.80
1.25	0.24	204.14
1.24	0.25	204.49
1.25	0.25	204.84
1.25	0.26	205.20
1.25	0.26	205.56
1.24	0.25	205.91
1.24	0.25	206.26
1.25	0.25	206.62
1.24	0.25	206.96
1.25	0.25	207.32
1.24	0.25	207.67
1.25	0.25	208.02
1.25	0.25	208.38
1.25	0.26	208.74
1.25	0.25	209.09
1.24	0.24	209.43
1.24	0.25	209.78
1.24	0.25	210.13
1.24	0.25	210.48
1.25	0.25	210.82
1.24	0.25	211.17
1.24	0.25	211.52
1.24	0.25	211.87
1.24	0.24	212.21
1.25	0.25	212.56
1.24	0.25	212.91
1.24	0.24	213.25
1.25	0.25	213.60
1.24	0.25	213.95
1.25	0.24	214.29
1.24	0.24	214.64
1.24	0.25	214.98
1.24	0.24	215.32
1.24	0.25	215.67
1.24	0.25	216.02
1.23	0.25	216.37
1.24	0.25	216.72
1.24	0.25	217.07
1.24	0.25	217.42
1.24	0.25	217.76
1.25	0.25	218.11
1.24	0.25	218.46
1.24	0.24	218.80
1.24	0.25	219.15
1.24	0.24	219.49
1.25	0.26	219.86
1.24	0.25	220.21
1.24	0.25	220.56
1.24	0.25	220.91
1.24	0.25	221.26
1.24	0.25	221.61
1.24	0.25	221.96
1.24	0.25	222.31
1.24	0.24	222.64
1.23	0.24	222.98
1.24	0.25	223.33
1.25	0.25	223.68
1.24	0.25	224.03
1.24	0.25	224.38
1.24	0.25	224.73
1.24	0.24	225.08
1.24	0.25	225.43
1.23	0.24	225.77
1.24	0.24	226.11
1.24	0.24	226.45
1.23	0.25	226.80
1.24	0.25	227.15
1.24	0.26	227.52
1.24	0.25	227.87
1.24	0.24	228.20
1.25	0.26	228.56
1.23	0.24	228.90
1.23	0.24	229.24
1.24	0.24	229.58
1.23	0.25	229.93
1.24	0.25	230.28
1.24	0.25	230.63
1.23	0.24	230.97
1.23	0.24	231.31
1.23	0.25	231.65
1.24	0.24	232.00
1.24	0.25	232.34
1.24	0.25	232.70
1.23	0.24	233.03
1.23	0.24	233.37
1.23	0.25	233.71
1.24	0.25	234.06
1.23	0.24	234.40
1.24	0.25	234.75
1.24	0.25	235.11
1.24	0.25	235.45
1.24	0.24	235.79
1.24	0.25	236.14
1.24	0.25	236.49
1.25	0.26	236.85
1.24	0.25	237.20
1.24	0.25	237.55
1.24	0.25	237.90
1.23	0.25	238.25
1.23	0.24	238.59
1.24	0.25	238.93
1.23	0.24	239.28
1.24	0.24	239.62
1.23	0.24	239.96
1.24	0.25	240.31
1.24	0.25	240.66
1.24	0.24	241.00
1.24	0.25	241.35
1.23	0.24	241.69
1.24	0.25	242.04
1.24	0.25	242.39
1.23	0.25	242.75
1.24	0.25	243.10
1.23	0.24	243.43
1.23	0.24	243.78
1.24	0.25	244.12
1.23	0.25	244.47
1.23	0.24	244.81
1.24	0.24	245.15
1.24	0.25	245.50
1.24	0.25	245.85
1.23	0.25	246.20
1.23	0.25	246.56
1.24	0.25	246.90
1.24	0.25	247.26
1.23	0.24	247.60
1.24	0.24	247.94
1.23	0.23	248.27
1.24	0.24	248.61
1.24	0.26	248.97
1.23	0.25	249.32
1.24	0.25	249.67
1.23	0.24	250.00
1.23	0.25	250.35
1.24	0.25	250.70
1.23	0.24	251.04
1.23	0.24	251.38
1.24	0.25	251.73
1.23	0.25	252.08
1.24	0.25	252.44
1.24	0.25	252.79
1.23	0.25	253.14
1.24	0.24	253.48
1.24	0.25	253.83
1.24	0.25	254.18
1.24	0.25	254.53
1.23	0.25	254.88
1.24	0.25	255.23
1.23	0.25	255.59
1.23	0.25	255.94
1.23	0.25	256.30
1.23	0.24	256.64
1.23	0.25	256.98
1.24	0.25	257.34
1.23	0.25	257.69
1.24	0.25	258.04
1.24	0.25	258.39
1.23	0.25	258.74
1.24	0.25	259.09
1.22	0.24	259.43
1.23	0.24	259.77
1.24	0.25	260.13
1.24	0.26	260.49
1.24	0.24	260.82
1.23	0.24	261.16
1.23	0.24	261.50
1.23	0.25	261.84
1.23	0.24	262.19
1.23	0.25	262.53
1.23	0.24	262.87
1.23	0.25	263.22
1.24	0.25	263.57
1.23	0.25	263.92
1.23	0.25	264.28
1.23	0.25	264.63
1.23	0.24	264.97
1.23	0.25	265.32
1.23	0.24	265.66
1.23	0.25	266.01
1.23	0.24	266.35
1.23	0.24	266.69
1.22	0.23	267.02
1.22	0.25	267.37
1.23	0.26	267.73
1.22	0.24	268.06
1.23	0.24	268.41
1.23	0.24	268.75
1.23	0.25	269.09
1.24	0.26	269.45
1.23	0.24	269.80
1.22	0.24	270.14
1.23	0.26	270.50
1.22	0.24	270.84
1.23	0.24	271.18
1.22	0.24	271.52
1.23	0.25	271.88
1.23	0.25	272.23
1.23	0.24	272.57
1.24	0.26	272.93
1.23	0.25	273.28
1.23	0.25	273.63
1.23	0.25	273.98
1.23	0.24	274.31
1.23	0.24	274.66
1.23	0.25	275.00
1.23	0.24	275.34
1.23	0.25	275.70
1.23	0.25	276.05
1.23	0.25	276.39
1.23	0.25	276.74
1.22	0.25	277.09
1.22	0.24	277.43
1.23	0.24	277.77
1.23	0.24	278.11
1.23	0.25	278.46
1.23	0.25	278.81
1.23	0.25	279.16
1.24	0.25	279.50
1.23	0.25	279.85
1.22	0.24	280.19
1.23	0.25	280.54
1.23	0.24	280.88
1.23	0.24	281.22
1.24	0.25	281.58
1.22	0.23	281.91
1.23	0.25	282.25
1.23	0.24	282.59
1.23	0.24	282.94
1.23	0.25	283.29
1.22	0.24	283.63
1.23	0.24	283.97
1.24	0.25	284.32
1.23	0.24	284.66
1.23	0.24	285.00
1.24	0.25	285.35
1.23	0.25	285.70
1.23	0.25	286.05
1.23	0.25	286.40
1.23	0.25	286.75
1.23	0.24	287.08
1.23	0.25	287.43
1.23	0.24	287.77
1.23	0.25	288.12
1.23	0.25	288.47
1.23	0.25	288.83
1.24	0.25	289.18
1.23	0.24	289.52
1.22	0.24	289.86
1.24	0.26	290.22
1.23	0.24	290.55
1.23	0.25	290.91
1.22	0.24	291.24
1.23	0.25	291.59
1.23	0.25	291.94
1.23	0.24	292.28
1.23	0.25	292.62
1.22	0.25	292.97
1.23	0.25	293.33
1.23	0.25	293.67
1.22	0.24	294.02
1.23	0.25	294.37
1.22	0.24	294.71
1.23	0.25	295.06
1.23	0.25	295.41
1.23	0.25	295.75
1.23	0.24	296.09
1.23	0.24	296.44
1.23	0.24	296.78
1.22	0.25	297.12
1.23	0.25	297.47
1.24	0.26	297.83
1.23	0.25	298.18
1.22	0.24	298.52
1.23	0.25	298.86
1.22	0.24	299.20
1.23	0.25	299.56
1.23	0.24	299.90
1.23	0.25	300.25
1.23	0.24	300.59
1.23	0.25	300.94
1.22	0.24	301.28
1.23	0.24	301.62
1.22	0.25	301.97
1.23	0.24	302.31
1.23	0.25	302.66
1.23	0.25	303.00
1.22	0.24	303.34
1.23	0.25	303.69
1.22	0.24	304.02
1.23	0.25	304.37
1.23	0.25	304.73
1.22	0.24	305.07
1.22	0.24	305.40
1.22	0.25	305.75
1.22	0.24	306.09
1.23	0.25	306.44
1.23	0.24	306.78
1.23	0.25	307.13
1.22	0.24	307.47
1.22	0.24	307.81
1.23	0.25	308.16
1.23	0.25	308.51
1.22	0.24	308.85
1.22	0.24	309.19
1.22	0.24	309.53
1.23	0.25	309.89
1.22	0.24	310.23
1.23	0.25	310.58
1.23	0.25	310.94
1.22	0.24	311.27
1.22	0.24	311.61
1.23	0.25	311.96
1.22	0.25	312.31
1.23	0.25	312.65
1.22	0.24	312.99
1.22	0.24	313.33
1.23	0.24	313.67
1.23	0.25	314.02
1.22	0.25	314.37
1.22	0.24	314.70
1.21	0.24	315.04
1.23	0.25	315.39
1.22	0.26	315.75
1.21	0.24	316.08
1.23	0.25	316.43
1.22	0.25	316.78
1.23	0.25	317.13
1.23	0.25	317.48
1.23	0.25	317.83
1.22	0.24	318.17
1.22	0.25	318.52
1.22	0.24	318.86
1.23	0.25	319.21
1.22	0.24	319.55
1.22	0.24	319.89
1.23	0.25	320.23
1.22	0.23	320.56
1.22	0.25	320.92
1.22	0.24	321.25
1.22	0.24	321.59
1.22	0.24	321.93
1.22	0.24	322.28
1.23	0.25	322.62
1.23	0.24	322.96
1.22	0.24	323.29
1.22	0.25	323.64
1.21	0.24	323.98
1.22	0.24	324.32
1.22	0.24	324.65
1.22	0.24	324.99
1.22	0.25	325.34
1.22	0.24	325.68
1.22	0.24	326.02
1.22	0.23	326.35
1.22	0.24	326.69
1.21	0.24	327.03
1.22	0.24	327.37
1.22	0.24	327.71
1.22	0.24	328.05
1.23	0.25	328.40
1.22	0.24	328.74
1.22	0.23	329.07
1.22	0.25	329.42
1.22	0.25	329.77
1.23	0.25	330.11
1.22	0.24	330.46
1.22	0.24	330.80
1.21	0.24	331.14
1.22	0.24	331.48
1.22	0.24	331.82
1.22	0.24	332.16
1.22	0.24	332.50
1.23	0.25	332.85
1.22	0.25	333.19
1.22	0.24	333.53
1.22	0.25	333.88
1.22	0.24	334.22
1.22	0.25	334.56
1.22	0.24	334.91
1.22	0.25	335.25
1.21	0.23	335.58
1.21	0.23	335.91
1.22	0.24	336.25
1.22	0.24	336.59
1.22	0.24	336.93
1.22	0.25	337.28
1.22	0.24	337.62
1.22	0.25	337.97
1.22	0.24	338.31
1.22	0.24	338.65
1.22	0.25	339.00
1.22	0.24	339.33
1.23	0.25	339.69
1.21	0.24	340.02
1.22	0.25	340.37
1.22	0.25	340.72
1.22	0.24	341.06
1.22	0.24	341.41
1.22	0.24	341.75
1.22	0.24	342.09
1.22	0.23	342.42
1.21	0.23	342.74
1.22	0.24	343.08
1.22	0.25	343.43
1.22	0.24	343.77
1.22	0.25	344.12
1.22	0.24	344.46
1.22	0.24	344.79
1.21	0.24	345.13
1.22	0.25	345.48
1.22	0.24	345.82
1.22	0.25	346.17
1.21	0.24	346.50
1.22	0.24	346.84
1.21	0.24	347.18
1.22	0.24	347.53
1.22	0.24	347.87
1.22	0.24	348.20
1.22	0.24	348.54
1.22	0.24	348.88
1.22	0.25	349.23
1.22	0.25	349.58
1.22	0.24	349.92
1.22	0.25	350.27
1.21	0.24	350.61
1.22	0.24	350.95
1.22	0.25	351.30
1.22	0.25	351.65
1.22	0.25	351.99
1.22	0.24	352.34
1.21	0.24	352.68
1.21	0.24	353.02
1.21	0.24	353.36
1.22	0.24	353.70
1.22	0.23	354.03
1.22	0.25	354.38
1.22	0.24	354.72
1.22	0.25	355.07
1.22	0.24	355.40
1.21	0.24	355.74
1.21	0.24	356.08
1.22	0.25	356.43
1.21	0.24	356.77
1.21	0.24	357.10
1.22	0.25	357.45
1.22	0.25	357.80
1.21	0.24	358.14
1.21	0.25	358.49
1.22	0.24	358.82
1.22	0.24	359.16
1.21	0.24	359.50
1.22	0.25	359.85
1.22	0.23	360.18
1.22	0.25	360.54
1.21	0.24	360.87
1.22	0.25	361.22
1.21	0.24	361.56
1.21	0.24	361.89
1.23	0.25	362.24
1.21	0.24	362.58
1.22	0.25	362.93
1.22	0.24	363.27
1.22	0.23	363.60
1.22	0.25	363.95
1.22	0.24	364.29
1.22	0.25	364.64
1.21	0.24	364.98
1.21	0.24	365.31
1.22	0.25	365.66
1.22	0.24	366.00
1.21	0.24	366.34
1.22	0.24	366.68
1.21	0.24	367.02
1.21	0.24	367.36
1.22	0.24	367.70
1.22	0.25	368.05
1.22	0.24	368.39
1.22	0.24	368.73
1.21	0.24	369.08
1.21	0.24	369.42
1.21	0.24	369.75
1.22	0.24	370.09
1.22	0.24	370.44
1.22	0.24	370.78
1.22	0.25	371.12
1.21	0.24	371.47
1.21	0.23	371.79
1.22	0.24	372.14
1.21	0.23	372.46
1.21	0.24	372.81
1.22	0.24	373.15
1.22	0.25	373.50
1.21	0.24	373.84
1.21	0.24	374.18
1.21	0.24	374.51
1.21	0.24	374.85
1.22	0.25	375.20
1.21	0.24	375.54
1.21	0.24	375.88
1.21	0.24	376.22
1.22	0.24	376.56
1.21	0.24	376.90
1.22	0.25	377.26
1.22	0.24	377.60
1.22	0.24	377.94
1.22	0.25	378.29
1.21	0.24	378.63
1.22	0.25	378.98
1.21	0.24	379.32
1.21	0.24	379.66
1.21	0.24	380.00
1.21	0.24	380.34
1.21	0.23	380.67
1.21	0.24	381.01
1.21	0.23	381.34
1.21	0.24	381.68
1.21	0.24	382.02
1.22	0.25	382.37
1.21	0.24	382.71
1.21	0.24	383.05
1.22	0.25	383.40
1.22	0.25	383.75
1.21	0.24	384.09
1.21	0.24	384.43
1.21	0.24	384.77
1.21	0.24	385.11
1.21	0.24	385.46
1.21	0.24	385.80
1.21	0.24	386.14
1.21	0.24	386.48
1.21	0.24	386.82
1.21	0.24	387.16
1.21	0.24	387.49
1.21	0.24	387.83
1.21	0.24	388.17
1.21	0.24	388.51
1.22	0.25	388.86
1.21	0.24	389.20
1.22	0.25	389.55
1.21	0.24	389.89
1.21	0.23	390.22
1.22	0.25	390.56
1.21	0.24	390.91
1.21	0.24	391.25
1.21	0.24	391.59
1.21	0.24	391.92
1.21	0.24	392.27
1.21	0.24	392.61
1.21	0.24	392.94
1.21	0.24	393.28
1.21	0.24	393.62
1.22	0.25	393.97
1.21	0.24	394.31
1.21	0.24	394.65
1.22	0.25	395.00
1.21	0.24	395.34
1.21	0.25	395.69
1.21	0.24	396.03
1.21	0.24	396.37
1.21	0.25	396.72
1.21	0.24	397.06
1.21	0.24	397.40
1.21	0.23	397.73
1.21	0.24	398.07
1.21	0.24	398.42
1.21	0.24	398.75
1.21	0.24	399.09
1.21	0.24	399.43
1.21	0.24	399.76
1.21	0.24	400.10
1.21	0.24	400.45
1.21	0.24	400.79
1.21	0.24	401.13
1.21	0.24	401.46
1.22	0.24	401.81
1.21	0.24	402.15
1.21	0.25	402.49
1.21	0.24	402.84
1.21	0.24	403.18
1.21	0.25	403.52
1.21	0.23	403.85
1.21	0.25	404.20
1.21	0.23	404.52
1.21	0.24	404.87
1.21	0.24	405.21
1.21	0.24	405.54
1.21	0.24	405.88
1.21	0.24	406.22
1.21	0.24	406.56
1.21	0.24	406.90
1.21	0.25	407.25
1.21	0.25	407.60
1.21	0.24	407.94
1.21	0.23	408.27
1.21	0.24	408.60
1.21	0.25	408.96
1.21	0.24	409.29
1.21	0.24	409.63
1.21	0.24	409.97
1.21	0.23	410.30
1.21	0.24	410.64
1.21	0.25	410.99
1.21	0.24	411.33
1.22	0.25	411.68
1.21	0.24	412.02
1.21	0.24	412.36
1.21	0.23	412.69
1.21	0.24	413.03
1.21	0.24	413.37
1.21	0.25	413.72
1.21	0.23	414.05
1.21	0.24	414.38
1.21	0.24	414.72
1.21	0.24	415.06
1.21	0.23	415.39
1.21	0.24	415.73
1.21	0.24	416.07
1.21	0.24	416.41
1.21	0.23	416.74
1.21	0.24	417.08
1.21	0.24	417.42
1.21	0.24	417.75
1.21	0.24	418.09
1.21	0.24	418.43
1.21	0.24	418.77
1.21	0.23	419.10
1.21	0.24	419.43
1.21	0.24	419.77
1.21	0.25	420.12
1.21	0.24	420.46
1.21	0.24	420.80
1.21	0.25	421.15
1.21	0.24	421.49
1.21	0.25	421.84
1.21	0.24	422.18
1.21	0.24	422.52
1.21	0.24	422.85
1.21	0.24	423.19
1.21	0.25	423.54
1.21	0.23	423.87
1.21	0.24	424.21
1.21	0.24	424.55
1.21	0.25	424.90
1.21	0.24	425.24
1.21	0.25	425.58
1.21	0.24	425.93
1.21	0.25	426.28
1.21	0.24	426.62
1.21	0.25	426.97
1.21	0.24	427.30
1.21	0.24	427.64
1.21	0.24	427.98
1.21	0.24	428.32
1.21	0.24	428.65
1.21	0.24	428.99
1.22	0.25	429.35
1.21	0.24	429.68
1.21	0.24	430.02
1.21	0.24	430.36
1.21	0.24	430.70
1.21	0.24	431.03
1.21	0.24	431.37
1.21	0.24	431.70
1.21	0.24	432.05
1.21	0.24	432.39
1.21	0.25	432.73
1.21	0.24	433.07
1.21	0.25	433.42
1.21	0.24	433.76
1.21	0.24	434.09
1.21	0.24	434.43
1.21	0.24	434.76
1.21	0.23	435.09
1.21	0.24	435.43
1.21	0.24	435.77
1.21	0.24	436.11
1.21	0.23	436.44
1.21	0.24	436.78
1.20	0.24	437.11
1.21	0.24	437.45
1.21	0.24	437.79
1.21	0.24	438.13
1.21	0.24	438.46
1.21	0.24	438.80
1.21	0.24	439.14
1.20	0.24	439.48
1.21	0.24	439.81
1.21	0.24	440.15
1.21	0.23	440.47
1.21	0.24	440.82
1.21	0.23	441.14
1.21	0.23	441.47
1.21	0.24	441.82
1.21	0.24	442.15
1.21	0.24	442.49
1.21	0.25	442.83
1.21	0.25	443.18
1.21	0.25	443.53
1.21	0.24	443.86
1.21	0.24	444.20
1.21	0.23	444.53
1.21	0.24	444.87
1.21	0.24	445.21
1.21	0.25	445.56
1.21	0.25	445.91
1.21	0.24	446.24
1.21	0.25	446.59
1.21	0.24	446.93
1.21	0.24	447.27
1.21	0.25	447.62
1.21	0.24	447.96
1.21	0.24	448.30
1.21	0.24	448.63
1.21	0.25	448.98
1.21	0.25	449.33
1.21	0.25	449.68
1.21	0.23	450.01
1.21	0.24	450.34
1.21	0.23	450.67
1.21	0.24	451.01
1.21	0.24	451.34
1.21	0.24	451.68
1.21	0.25	452.03
1.21	0.25	452.39
1.21	0.25	452.73
1.21	0.25	453.08
1.21	0.24	453.42
1.21	0.24	453.76
1.21	0.24	454.09
1.21	0.24	454.43
1.21	0.24	454.78
1.21	0.24	455.11
1.21	0.24	455.45
1.21	0.24	455.79
1.21	0.24	456.13
1.21	0.24	456.47
1.21	0.24	456.81
1.21	0.25	457.15
1.21	0.24	457.49
1.21	0.24	457.82
1.21	0.24	458.16
1.21	0.24	458.49
1.21	0.25	458.84
1.21	0.24	459.18
1.21	0.24	459.52
1.21	0.23	459.85
1.21	0.24	460.19
1.21	0.23	460.52
1.21	0.25	460.86
1.21	0.25	461.21
1.21	0.25	461.56
1.21	0.24	461.90
1.21	0.24	462.24
1.21	0.24	462.57
1.21	0.25	462.92
1.21	0.24	463.27
1.21	0.25	463.61
1.21	0.24	463.95
1.21	0.24	464.29
1.21	0.24	464.63
1.21	0.24	464.97
1.21	0.23	465.30
1.21	0.24	465.64
1.21	0.25	465.99
1.21	0.24	466.33
1.21	0.24	466.67
1.21	0.24	467.00
1.21	0.24	467.34
1.21	0.24	467.68
1.21	0.24	468.01
1.21	0.24	468.36
1.21	0.24	468.69
1.21	0.23	469.02
1.20	0.24	469.36
1.21	0.24	469.69
1.21	0.24	470.03
1.21	0.25	470.38
1.21	0.24	470.72
1.21	0.24	471.06
1.21	0.25	471.40
1.21	0.24	471.74
1.21	0.24	472.08
1.21	0.25	472.43
1.21	0.24	472.78
1.21	0.24	473.11
1.21	0.24	473.45
1.21	0.24	473.79
1.21	0.24	474.12
1.21	0.25	474.47
1.21	0.24	474.81
1.21	0.23	475.14
1.21	0.25	475.49
1.21	0.23	475.82
1.21	0.24	476.16
1.21	0.24	476.51
1.21	0.24	476.84
1.21	0.25	477.19
1.21	0.24	477.53
1.21	0.24	477.87
1.21	0.23	478.19
1.21	0.24	478.54
1.20	0.24	478.87
1.21	0.24	479.21
1.21	0.24	479.55
1.21	0.24	479.88
1.21	0.24	480.22
1.21	0.24	480.57
1.21	0.25	480.91
1.21	0.24	481.25
1.21	0.25	481.60
1.21	0.23	481.93
1.20	0.23	482.25
1.21	0.24	482.59
1.21	0.24	482.93
1.21	0.24	483.27
1.20	0.24	483.61
1.21	0.24	483.95
1.21	0.24	484.28
1.21	0.24	484.62
1.21	0.24	484.97
1.20	0.24	485.30
1.21	0.24	485.64
1.21	0.24	485.98
1.21	0.25	486.33
1.21	0.24	486.66
1.21	0.23	486.99
1.21	0.23	487.31
1.21	0.25	487.66
1.21	0.25	488.01
1.21	0.25	488.35
1.21	0.23	488.68
1.21	0.23	489.01
1.21	0.24	489.35
1.21	0.25	489.70
1.21	0.24	490.04
1.21	0.25	490.39
1.21	0.24	490.73
1.22	0.25	491.08
1.21	0.24	491.41
1.21	0.23	491.74
1.21	0.24	492.09
1.21	0.24	492.42
1.21	0.24	492.76
1.21	0.24	493.10
1.21	0.25	493.45
1.21	0.24	493.79
1.21	0.24	494.13
1.21	0.24	494.47
1.21	0.24	494.81
1.21	0.23	495.14
1.21	0.24	495.48
1.21	0.24	495.82
1.21	0.25	496.17
1.22	0.23	496.50
1.21	0.24	496.83
1.21	0.23	497.16
1.21	0.24	497.50
1.21	0.24	497.84
1.21	0.24	498.17
1.21	0.24	498.52
1.21	0.24	498.86
1.21	0.24	499.20
1.21	0.23	499.53
1.21	0.23	499.86
1.21	0.24	500.20
1.21	0.24	500.54
1.21	0.25	500.89
1.21	0.24	501.23
1.21	0.24	501.57
1.21	0.24	501.91
1.21	0.23	502.24
1.21	0.24	502.58
1.21	0.24	502.92
1.22	0.23	503.25
1.21	0.25	503.60
1.21	0.24	503.93
1.21	0.24	504.28
1.22	0.25	504.62
1.22	0.24	504.96
1.22	0.24	505.30
1.22	0.24	505.64
1.21	0.24	505.98
1.22	0.25	506.33
1.22	0.24	506.67
1.21	0.23	507.00
1.21	0.24	507.34
1.22	0.25	507.70
1.21	0.24	508.03
1.22	0.25	508.38
1.22	0.24	508.71
1.21	0.25	509.06
1.21	0.23	509.39
1.21	0.24	509.73
1.21	0.23	510.05
1.22	0.23	510.38
1.22	0.25	510.74
1.21	0.24	511.08
1.21	0.23	511.41
1.21	0.23	511.74
1.21	0.24	512.08
1.22	0.24	512.42
1.22	0.25	512.77
1.22	0.23	513.10
1.22	0.24	513.43
1.22	0.24	513.77
1.21	0.24	514.11
1.22	0.25	514.46
1.22	0.24	514.80
1.22	0.23	515.13
1.23	0.25	515.48
1.22	0.25	515.83
1.21	0.25	516.17
1.21	0.24	516.51
1.22	0.25	516.86
1.22	0.25	517.21
1.21	0.24	517.55
1.21	0.24	517.89
1.22	0.24	518.23
1.22	0.25	518.58
1.21	0.24	518.91
1.22	0.24	519.25
1.21	0.24	519.59
1.21	0.24	519.93
1.21	0.24	520.27
1.22	0.25	520.62
1.21	0.23	520.95
1.21	0.24	521.29
1.21	0.24	521.63
1.21	0.24	521.97
1.21	0.25	522.31
1.21	0.24	522.65
1.22	0.25	523.00
1.22	0.25	523.36
1.21	0.23	523.68
1.21	0.24	524.02
1.21	0.24	524.36
1.21	0.24	524.69
1.21	0.23	525.02
1.21	0.24	525.36
1.21	0.24	525.70
1.21	0.24	526.04
1.21	0.24	526.38
1.21	0.24	526.72
1.21	0.24	527.06
1.23	0.24	527.40
1.21	0.24	527.74
1.22	0.24	528.09
1.21	0.24	528.43
1.21	0.24	528.76
1.22	0.24	529.10
1.21	0.23	529.43
1.22	0.24	529.77
1.22	0.25	530.13
1.22	0.25	530.48
1.21	0.25	530.83
1.21	0.24	531.16
1.21	0.25	531.52
1.22	0.24	531.86
1.21	0.23	532.19
1.21	0.24	532.53
1.22	0.25	532.88
1.22	0.25	533.23
1.21	0.24	533.57
1.22	0.25	533.92
1.21	0.24	534.26
1.21	0.24	534.60
1.22	0.25	534.95
1.21	0.23	535.28
1.22	0.24	535.62
1.21	0.24	535.96
1.22	0.24	536.30
1.21	0.24	536.64
1.22	0.25	536.99
1.21	0.24	537.33
1.21	0.23	537.66
1.22	0.25	538.00
1.21	0.24	538.35
1.21	0.24	538.68
1.21	0.24	539.02
1.21	0.24	539.36
1.21	0.24	539.70
1.21	0.23	540.03
1.21	0.25	540.37
1.22	0.25	540.72
1.21	0.24	541.06
1.21	0.24	541.41
1.22	0.25	541.75
1.22	0.25	542.10
1.21	0.24	542.44
1.21	0.24	542.78
1.21	0.24	543.11
1.21	0.24	543.45
1.21	0.24	543.79
1.22	0.25	544.14
1.22	0.25	544.48
1.21	0.23	544.81
1.22	0.25	545.16
1.21	0.23	545.49
1.21	0.24	545.82
1.21	0.25	546.17
1.21	0.24	546.51
1.21	0.24	546.85
1.22	0.25	547.20
1.21	0.23	547.53
1.21	0.24	547.87
1.21	0.25	548.22
1.22	0.24	548.56
1.21	0.24	548.90
1.21	0.24	549.24
1.21	0.25	549.59
1.21	0.25	549.94
1.21	0.24	550.28
1.21	0.24	550.62
1.21	0.23	550.95
1.21	0.24	551.29
1.21	0.25	551.63
1.21	0.25	551.98
1.21	0.24	552.32
1.21	0.23	552.65
1.21	0.24	552.98
1.21	0.25	553.33
1.21	0.25	553.68
1.21	0.24	554.01
1.21	0.25	554.37
1.20	0.23	554.69
1.21	0.25	555.04
1.21	0.24	555.38
1.21	0.25	555.73
1.21	0.23	556.05
1.21	0.25	556.40
1.21	0.24	556.74
1.21	0.24	557.08
1.21	0.25	557.43
1.21	0.24	557.77
1.20	0.24	558.11
1.21	0.24	558.45
1.21	0.23	558.78
1.21	0.25	559.13
1.21	0.25	559.47
1.21	0.24	559.81
1.21	0.25	560.16
1.21	0.24	560.50
1.21	0.25	560.85
1.21	0.25	561.19
1.21	0.23	561.52
1.21	0.24	561.86
1.21	0.25	562.21
1.21	0.24	562.55
1.21	0.24	562.89
1.21	0.24	563.23
1.21	0.23	563.56
1.21	0.24	563.89
1.21	0.24	564.23
1.21	0.24	564.58
1.21	0.24	564.92
1.21	0.24	565.26
1.21	0.25	565.61
1.21	0.24	565.94
1.21	0.24	566.28
1.22	0.25	566.62
1.21	0.24	566.97
1.21	0.23	567.29
1.21	0.24	567.64
1.21	0.24	567.98
1.21	0.24	568.32
1.21	0.25	568.67
1.21	0.25	569.01
1.21	0.24	569.35
1.21	0.24	569.68
1.21	0.25	570.03
1.21	0.23	570.36
1.21	0.24	570.70
1.21	0.24	571.04
1.21	0.24	571.38
1.21	0.24	571.72
1.21	0.24	572.05
1.21	0.25	572.41
1.21	0.24	572.75
1.21	0.25	573.10
1.21	0.23	573.43
1.21	0.23	573.76
1.21	0.23	574.09
1.20	0.24	574.43
1.20	0.24	574.76
1.21	0.24	575.10
1.21	0.25	575.45
1.21	0.24	575.79
1.21	0.24	576.13
1.21	0.24	576.47
1.20	0.23	576.80
1.21	0.24	577.13
1.21	0.24	577.47
1.21	0.24	577.80
1.20	0.24	578.14
1.21	0.23	578.47
1.21	0.24	578.81
1.21	0.24	579.15
1.20	0.24	579.48
1.21	0.23	579.81
1.20	0.24	580.15
1.20	0.23	580.48
1.21	0.23	580.81
1.21	0.24	581.14
1.21	0.25	581.49
1.21	0.24	581.82
1.21	0.23	582.15
1.21	0.25	582.50
1.21	0.24	582.84
1.21	0.23	583.17
1.21	0.24	583.51
1.21	0.23	583.84
1.20	0.24	584.17
1.21	0.24	584.51
1.21	0.24	584.84
1.21	0.24	585.18
1.21	0.23	585.51
1.21	0.25	585.86
1.21	0.24	586.20
1.21	0.24	586.54
1.21	0.25	586.89
1.21	0.26	587.25
1.21	0.24	587.59
1.21	0.24	587.93
1.21	0.25	588.29
1.20	0.23	588.61
1.21	0.25	588.96
1.20	0.24	589.30
1.21	0.24	589.64
1.21	0.24	589.97
1.21	0.25	590.32
1.21	0.24	590.66
1.20	0.24	590.99
1.21	0.24	591.33
1.21	0.24	591.67
1.21	0.24	592.01
1.21	0.24	592.35
1.21	0.25	592.69
1.21	0.24	593.03
1.21	0.24	593.37
1.21	0.24	593.70
1.20	0.24	594.04
1.21	0.25	594.39
1.21	0.25	594.75
1.20	0.24	595.08
1.20	0.24	595.42
1.21	0.23	595.75
1.21	0.24	596.08
1.21	0.24	596.42
1.21	0.24	596.75
1.21	0.24	597.09
1.21	0.25	597.44
1.21	0.25	597.79
1.21	0.24	598.13
1.21	0.25	598.48
1.21	0.23	598.81
1.20	0.23	599.14
1.21	0.24	599.48
1.21	0.23	599.81
1.21	0.25	600.16
1.21	0.24	600.50
1.21	0.24	600.84
1.21	0.24	601.18
1.21	0.25	601.53
1.21	0.24	601.87
1.21	0.24	602.20
1.21	0.24	602.54
1.21	0.24	602.87
1.21	0.24	603.21
1.21	0.24	603.55
1.21	0.24	603.88
1.21	0.24	604.22
1.21	0.24	604.57
1.21	0.24	604.90
1.21	0.25	605.25
1.21	0.24	605.59
1.21	0.25	605.94
1.21	0.25	606.29
1.21	0.24	606.63
1.21	0.25	606.98
1.20	0.24	607.32
1.21	0.23	607.64
1.21	0.24	607.98
1.20	0.23	608.31
1.21	0.23	608.64
1.21	0.25	608.99
1.21	0.24	609.32
1.21	0.24	609.66
1.21	0.24	610.00
1.21	0.25	610.35
1.21	0.24	610.69
1.21	0.24	611.03
1.21	0.25	611.38
1.20	0.24	611.72
1.21	0.23	612.05
1.21	0.25	612.39
1.21	0.25	612.74
1.20	0.24	613.08
1.21	0.24	613.41
1.21	0.25	613.76
1.21	0.24	614.10
1.21	0.25	614.45
1.21	0.24	614.79
1.20	0.24	615.12
1.21	0.23	615.45
1.21	0.24	615.79
1.21	0.24	616.13
1.20	0.24	616.46
1.20	0.23	616.79
1.20	0.23	617.12
1.20	0.23	617.45
1.21	0.24	617.79
1.21	0.24	618.13
1.21	0.24	618.46
1.21	0.23	618.79
1.21	0.25	619.15
1.21	0.24	619.49
1.21	0.24	619.82
1.20	0.24	620.16
1.21	0.24	620.49
1.21	0.23	620.82
1.21	0.25	621.17
1.21	0.25	621.52
1.21	0.25	621.87
1.21	0.24	622.21
1.21	0.23	622.54
1.21	0.24	622.87
1.20	0.23	623.19
1.21	0.24	623.52
1.21	0.24	623.86
1.20	0.24	624.20
1.21	0.24	624.53
1.20	0.23	624.86
1.21	0.24	625.20
1.21	0.25	625.55
1.21	0.25	625.89
1.21	0.24	626.23
1.20	0.23	626.56
1.21	0.25	626.90
1.21	0.24	627.25
1.20	0.23	627.58
1.21	0.25	627.92
1.21	0.24	628.26
1.21	0.24	628.60
1.21	0.24	628.93
1.21	0.24	629.27
1.21	0.24	629.61
1.21	0.25	629.96
1.21	0.24	630.29
1.21	0.24	630.63
1.21	0.24	630.96
1.20	0.23	631.29
1.20	0.24	631.63
1.21	0.24	631.98
1.21	0.24	632.32
1.20	0.23	632.64
1.21	0.24	632.98
1.21	0.25	633.33
1.21	0.24	633.66
1.21	0.23	633.99
1.21	0.24	634.33
1.21	0.24	634.66
1.21	0.25	635.01
1.21	0.25	635.36
1.21	0.25	635.71
1.21	0.24	636.05
1.21	0.23	636.38
1.21	0.25	636.73
1.21	0.24	637.07
1.21	0.24	637.40
1.20	0.24	637.74
1.20	0.24	638.07
1.20	0.24	638.41
1.21	0.25	638.75
1.21	0.23	639.08
1.21	0.25	639.43
1.20	0.24	639.77
1.21	0.24	640.11
1.20	0.24	640.44
1.21	0.23	640.77
1.21	0.23	641.10
1.20	0.24	641.44
1.21	0.25	641.78
1.21	0.24	642.12
1.20	0.24	642.46
1.21	0.24	642.79
1.21	0.25	643.14
1.21	0.24	643.48
1.21	0.24	643.83
1.21	0.24	644.17
1.21	0.24	644.50
1.20	0.24	644.84
1.21	0.24	645.18
1.21	0.25	645.53
1.21	0.25	645.87
1.21	0.23	646.20
1.20	0.24	646.54
1.21	0.23	646.87
1.21	0.24	647.21
1.20	0.23	647.54
1.21	0.24	647.88
1.21	0.24	648.21
1.21	0.24	648.55
1.21	0.24	648.89
1.20	0.24	649.23
1.21	0.23	649.56
1.21	0.24	649.90
1.21	0.24	650.23
1.21	0.24	650.57
1.21	0.24	650.91
1.21	0.25	651.25
1.20	0.23	651.58
1.20	0.24	651.92
1.20	0.23	652.24
1.21	0.24	652.58
1.21	0.25	652.94
1.20	0.24	653.27
1.21	0.24	653.61
1.21	0.24	653.95
1.21	0.24	654.30
1.21	0.24	654.64
1.21	0.23	654.97
1.21	0.24	655.31
1.21	0.25	655.66
1.20	0.24	656.00
1.21	0.24	656.33
1.21	0.23	656.66
1.21	0.24	657.00
1.21	0.24	657.34
1.21	0.25	657.69
1.20	0.24	658.03
1.21	0.24	658.37
1.21	0.25	658.72
1.20	0.23	659.04
1.21	0.24	659.39
1.20	0.23	659.71
1.21	0.25	660.07
1.23	0.25	660.42
1.23	0.24	660.76
1.22	0.23	661.09
1.22	0.25	661.44
1.22	0.24	661.78
1.22	0.24	662.12
1.22	0.25	662.47
1.22	0.24	662.81
1.23	0.26	663.17
1.22	0.23	663.50
1.22	0.24	663.84
1.22	0.25	664.19
1.22	0.25	664.54
1.22	0.24	664.88
1.22	0.24	665.22
1.22	0.24	665.56
1.22	0.25	665.91
1.22	0.24	666.25
1.22	0.24	666.59
1.22	0.24	666.93
1.22	0.23	667.26
1.21	0.24	667.60
1.22	0.24	667.93
1.21	0.23	668.26
1.21	0.24	668.60
1.21	0.24	668.94
1.21	0.24	669.27
1.21	0.25	669.62
1.21	0.25	669.97
1.21	0.24	670.31
1.21	0.24	670.65
1.21	0.25	671.00
1.21	0.25	671.35
1.21	0.25	671.70
1.21	0.24	672.04
1.21	0.25	672.38
1.21	0.25	672.74
1.21	0.25	673.09
1.21	0.23	673.42
1.21	0.24	673.75
1.20	0.24	674.09
1.21	0.24	674.43
1.21	0.24	674.77
1.21	0.25	675.12
1.21	0.24	675.46
1.22	0.25	675.82
1.21	0.24	676.16
1.21	0.24	676.49
1.21	0.25	676.84
1.21	0.23	677.17
1.21	0.24	677.50
1.20	0.23	677.83
1.21	0.24	678.17
1.21	0.25	678.52
1.21	0.24	678.86
1.21	0.25	679.20
1.21	0.24	679.55
1.21	0.24	679.89
1.21	0.25	680.23
1.21	0.24	680.58
1.21	0.23	680.90
1.21	0.24	681.23
1.21	0.24	681.58
1.21	0.23	681.90
1.21	0.24	682.24
1.21	0.24	682.58
1.21	0.24	682.92
1.21	0.24	683.25
1.21	0.24	683.59
1.21	0.25	683.93
1.21	0.25	684.28
1.21	0.25	684.64
1.21	0.25	684.98
1.21	0.23	685.31
1.21	0.24	685.65
1.21	0.23	685.98
1.21	0.23	686.31
1.21	0.25	686.65
1.21	0.23	686.98
1.21	0.24	687.32
1.21	0.24	687.65
1.21	0.25	688.00
1.21	0.23	688.33
1.21	0.24	688.66
1.21	0.25	689.02
1.21	0.24	689.35
1.21	0.24	689.69
1.21	0.23	690.02
1.21	0.23	690.35
1.21	0.24	690.68
1.21	0.24	691.02
1.21	0.24	691.36
1.21	0.24	691.69
1.21	0.25	692.04
1.21	0.24	692.38
1.20	0.23	692.71
1.21	0.24	693.05
1.21	0.25	693.40
1.21	0.25	693.75
1.21	0.24	694.08
1.21	0.24	694.42
1.21	0.25	694.77
1.21	0.24	695.11
1.21	0.24	695.45
1.21	0.24	695.78
1.21	0.24	696.12
1.21	0.24	696.46
1.21	0.24	696.79
1.21	0.24	697.13
1.21	0.25	697.48
1.21	0.25	697.83
1.21	0.23	698.15
1.21	0.24	698.49
1.21	0.24	698.82
1.21	0.25	699.17
1.21	0.24	699.51
1.21	0.24	699.86
1.21	0.23	700.18
1.21	0.24	700.52
1.21	0.24	700.86
1.21	0.25	701.21
1.21	0.25	701.56
1.21	0.24	701.90
1.21	0.25	702.24
1.21	0.25	702.59
1.21	0.25	702.95
1.21	0.24	703.28
1.20	0.24	703.62
1.21	0.24	703.96
1.21	0.24	704.29
1.21	0.25	704.64
1.21	0.23	704.97
1.21	0.25	705.32
1.21	0.24	705.66
1.21	0.24	706.00
1.21	0.24	706.34
1.21	0.25	706.69
1.21	0.24	707.03
1.20	0.24	707.37
1.21	0.24	707.71
1.20	0.24	708.04
1.21	0.24	708.38
1.21	0.24	708.72
1.21	0.24	709.06
1.21	0.24	709.39
1.21	0.23	709.72
1.21	0.24	710.06
1.21	0.24	710.40
1.20	0.24	710.74
1.21	0.23	711.06
1.21	0.24	711.40
1.21	0.24	711.73
1.21	0.24	712.08
1.21	0.23	712.41
1.21	0.25	712.75
1.21	0.24	713.09
1.21	0.24	713.42
1.21	0.24	713.76
1.21	0.23	714.09
1.21	0.24	714.42
1.20	0.24	714.76
1.20	0.23	715.09
1.21	0.24	715.43
1.21	0.24	715.76
1.21	0.24	716.10
1.21	0.25	716.45
1.21	0.23	716.78
1.21	0.24	717.12
1.21	0.24	717.45
1.21	0.24	717.79
1.21	0.25	718.13
1.21	0.25	718.48
1.21	0.25	718.84
1.21	0.23	719.16
1.20	0.23	719.49
1.21	0.25	719.84
1.21	0.23	720.17
1.21	0.23	720.50
1.21	0.25	720.85
1.21	0.24	721.18
1.21	0.24	721.52
1.21	0.24	721.86
1.21	0.23	722.19
1.21	0.25	722.53
1.21	0.25	722.88
1.21	0.24	723.22
1.21	0.24	723.55
1.21	0.25	723.90
1.21	0.23	724.23
1.21	0.23	724.56
1.21	0.24	724.89
1.21	0.24	725.23
1.21	0.24	725.56
1.21	0.25	725.91
1.21	0.24	726.25
1.21	0.24	726.59
1.21	0.24	726.93
1.21	0.25	727.28
1.21	0.25	727.63
1.21	0.24	727.97
1.21	0.25	728.32
1.21	0.24	728.66
1.21	0.24	729.00
1.21	0.23	729.33
1.21	0.24	729.66
1.21	0.24	730.00
1.20	0.23	730.33
1.21	0.24	730.67
1.21	0.24	731.00
1.21	0.24	731.34
1.21	0.24	731.68
1.21	0.24	732.02
1.21	0.24	732.36
1.21	0.25	732.71
1.21	0.25	733.06
1.21	0.24	733.39
1.21	0.24	733.73
1.21	0.24	734.07
1.21	0.24	734.41
1.21	0.25	734.76
1.21	0.25	735.12
1.21	0.25	735.46
1.21	0.24	735.81
1.20	0.24	736.14
1.20	0.23	736.47
1.21	0.24	736.81
1.21	0.24	737.15
1.21	0.24	737.48
1.21	0.25	737.83
1.21	0.25	738.18
1.21	0.24	738.52
1.21	0.25	738.87
1.21	0.24	739.20
1.21	0.24	739.54
1.21	0.25	739.88
1.21	0.25	740.23
1.21	0.24	740.57
1.21	0.24	740.90
1.20	0.24	741.24
1.21	0.24	741.57
1.21	0.24	741.91
1.21	0.24	742.25
1.21	0.25	742.60
1.21	0.25	742.95
1.21	0.23	743.28
1.21	0.24	743.62
1.21	0.24	743.96
1.21	0.24	744.30
1.21	0.23	744.63
1.21	0.24	744.96
1.21	0.25	745.31
1.20	0.24	745.65
1.21	0.24	745.99
1.21	0.25	746.34
1.21	0.25	746.69
1.21	0.24	747.03
1.21	0.24	747.37
1.21	0.24	747.70
1.21	0.24	748.05
1.21	0.23	748.37
1.21	0.24	748.71
1.21	0.24	749.05
1.21	0.24	749.39
1.20	0.24	749.73
1.21	0.24	750.07
1.21	0.24	750.40
1.20	0.23	750.73
1.21	0.24	751.07
1.21	0.25	751.42
1.21	0.24	751.76
1.21	0.24	752.10
1.21	0.25	752.45
1.21	0.24	752.78
1.21	0.24	753.12
1.21	0.23	753.45
1.21	0.24	753.78
1.21	0.24	754.12
1.21	0.24	754.46
1.21	0.24	754.80
1.21	0.25	755.16
1.20	0.24	755.49
1.20	0.23	755.82
1.21	0.24	756.16
1.21	0.25	756.51
1.21	0.24	756.85
1.21	0.25	757.21
1.21	0.24	757.54
1.21	0.23	757.87
1.21	0.24	758.21
1.21	0.23	758.54
1.21	0.23	758.86
1.21	0.24	759.20
1.21	0.24	759.53
1.21	0.25	759.88
1.21	0.25	760.24
1.21	0.24	760.57
1.20	0.24	760.91
1.21	0.25	761.26
1.21	0.23	761.59
1.21	0.25	761.94
1.21	0.25	762.28
1.21	0.24	762.62
1.21	0.24	762.95
1.21	0.24	763.29
1.20	0.24	763.63
1.21	0.24	763.97
1.21	0.24	764.31
1.21	0.24	764.65
1.21	0.23	764.97
1.21	0.24	765.31
1.21	0.24	765.65
1.21	0.25	766.00
1.20	0.23	766.33
1.20	0.24	766.66
1.21	0.25	767.01
1.21	0.24	767.35
1.21	0.24	767.68
1.21	0.25	768.03
1.21	0.25	768.39
1.21	0.23	768.71
1.21	0.24	769.05
1.21	0.24	769.39
1.20	0.24	769.73
1.21	0.24	770.06
1.21	0.24	770.40
1.20	0.23	770.73
1.20	0.24	771.07
1.21	0.24	771.41
1.21	0.24	771.74
1.20	0.23	772.07
1.21	0.24	772.41
1.21	0.24	772.75
1.21	0.23	773.08
1.20	0.23	773.41
1.20	0.24	773.74
1.21	0.24	774.08
1.21	0.25	774.43
1.21	0.24	774.77
1.21	0.25	775.12
1.21	0.24	775.46
1.21	0.23	775.78
1.21	0.25	776.13
1.21	0.24	776.47
1.21	0.25	776.82
1.20	0.24	777.15
1.21	0.24	777.49
1.21	0.24	777.83
1.20	0.24	778.17
1.20	0.24	778.50
1.20	0.23	778.83
1.20	0.24	779.17
1.20	0.24	779.50
1.21	0.24	779.84
1.21	0.24	780.18
1.21	0.23	780.50
1.21	0.25	780.85
1.21	0.24	781.19
1.21	0.25	781.54
1.21	0.24	781.88
1.20	0.23	782.21
1.20	0.24	782.54
1.21	0.25	782.89
1.21	0.24	783.23
1.21	0.25	783.57
1.20	0.24	783.91
1.21	0.24	784.24
1.20	0.23	784.57
1.21	0.24	784.91
1.21	0.24	785.24
1.20	0.23	785.57
1.20	0.23	785.90
1.20	0.24	786.24
1.21	0.24	786.57
1.21	0.24	786.91
1.21	0.24	787.25
1.20	0.24	787.59
1.21	0.24	787.93
1.21	0.24	788.27
1.21	0.24	788.60
1.20	0.24	788.94
1.21	0.24	789.27
1.21	0.24	789.61
1.20	0.23	789.94
1.21	0.24	790.28
1.20	0.24	790.62
1.21	0.25	790.97
1.21	0.25	791.32
1.21	0.24	791.66
1.21	0.23	791.99
1.21	0.24	792.33
1.21	0.24	792.67
1.21	0.24	793.01
1.20	0.23	793.34
1.21	0.24	793.68
1.21	0.24	794.01
1.20	0.23	794.34
1.21	0.23	794.67
1.20	0.24	795.01
1.21	0.24	795.34
1.21	0.24	795.68
1.21	0.25	796.03
1.21	0.24	796.37
1.21	0.24	796.71
1.20	0.23	797.03
1.20	0.24	797.37
1.21	0.24	797.71
1.21	0.24	798.05
1.21	0.24	798.38
1.21	0.24	798.72
1.20	0.23	799.05
1.21	0.24	799.39
1.20	0.23	799.72
1.20	0.23	800.05
1.20	0.24	800.38
1.20	0.24	800.72
1.20	0.24	801.05
1.21	0.24	801.39
1.20	0.23	801.72
1.21	0.25	802.07
1.20	0.24	802.41
1.21	0.24	802.75
1.21	0.24	803.08
1.21	0.24	803.42
1.21	0.24	803.76
1.20	0.24	804.09
1.21	0.24	804.44
1.20	0.24	804.77
1.21	0.24	805.11
1.20	0.23	805.44
1.21	0.24	805.78
1.21	0.24	806.12
1.21	0.24	806.47
1.20	0.23	806.79
1.21	0.24	807.14
1.21	0.25	807.48
1.20	0.24	807.82
1.21	0.24	808.16
1.21	0.25	808.51
1.21	0.24	808.84
1.21	0.24	809.18
1.20	0.24	809.51
1.20	0.24	809.85
1.21	0.24	810.19
1.21	0.23	810.52
1.21	0.24	810.86
1.21	0.24	811.20
1.20	0.23	811.53
1.20	0.24	811.87
1.20	0.24	812.20
1.20	0.24	812.54
1.20	0.24	812.87
1.20	0.23	813.20
1.20	0.24	813.54
1.21	0.23	813.86
1.21	0.24	814.21
1.21	0.24	814.54
1.20	0.23	814.87
1.20	0.23	815.20
1.21	0.24	815.54
1.20	0.24	815.88
1.20	0.23	816.20
1.21	0.25	816.55
1.20	0.23	816.88
1.21	0.25	817.23
1.21	0.24	817.57
1.21	0.25	817.92
1.20	0.24	818.26
1.20	0.24	818.59
1.21	0.23	818.92
1.20	0.23	819.25
1.20	0.24	819.59
1.21	0.24	819.93
1.21	0.24	820.26
1.21	0.24	820.60
1.20	0.24	820.95
1.20	0.24	821.28
1.20	0.23	821.61
1.21	0.24	821.95
1.20	0.24	822.28
1.20	0.23	822.61
1.20	0.24	822.94
1.21	0.25	823.30
1.21	0.24	823.64
1.21	0.25	823.99
1.21	0.24	824.33
1.21	0.24	824.67
1.21	0.24	825.01
1.21	0.24	825.35
1.21	0.25	825.69
1.21	0.24	826.04
1.21	0.25	826.38
1.20	0.24	826.72
1.21	0.24	827.06
1.20	0.24	827.40
1.21	0.25	827.74
1.20	0.23	828.07
1.20	0.23	828.40
1.20	0.24	828.74
1.21	0.24	829.08
1.20	0.23	829.41
1.21	0.24	829.75
1.20	0.24	830.09
1.20	0.24	830.43
1.21	0.25	830.78
1.20	0.24	831.11
1.20	0.23	831.44
1.21	0.25	831.79
1.20	0.23	832.12
1.20	0.23	832.45
1.20	0.24	832.78
1.20	0.24	833.12
1.20	0.24	833.46
1.21	0.24	833.80
1.20	0.23	834.13
1.21	0.24	834.47
1.20	0.23	834.80
1.20	0.24	835.14
1.20	0.24	835.48
1.21	0.25	835.82
1.20	0.24	836.17
1.21	0.25	836.51
1.20	0.24	836.85
1.21	0.24	837.19
1.21	0.23	837.52
1.20	0.23	837.85
1.20	0.23	838.18
1.21	0.24	838.51
1.20	0.23	838.84
1.20	0.24	839.18
1.21	0.24	839.52
1.20	0.24	839.85
1.20	0.24	840.19
1.20	0.24	840.53
1.21	0.25	840.88
1.20	0.24	841.21
1.20	0.23	841.54
1.20	0.23	841.87
1.20	0.24	842.20
1.21	0.25	842.55
1.20	0.23	842.88
1.20	0.23	843.20
1.21	0.24	843.55
1.20	0.24	843.88
1.21	0.24	844.22
1.21	0.24	844.56
1.20	0.24	844.90
1.20	0.23	845.23
1.21	0.24	845.57
1.20	0.23	845.90
1.21	0.25	846.25
1.20	0.23	846.57
1.21	0.24	846.92
1.21	0.24	847.25
1.21	0.24	847.59
1.20	0.23	847.92
1.21	0.25	848.27
1.20	0.23	848.60
1.20	0.24	848.94
1.20	0.24	849.27
1.20	0.24	849.61
1.20	0.23	849.94
1.21	0.24	850.28
1.21	0.24	850.62
1.20	0.24	850.96
1.20	0.24	851.30
1.20	0.23	851.63
1.20	0.23	851.96
1.20	0.23	852.29
1.20	0.24	852.63
1.20	0.24	852.96
1.21	0.25	853.31
1.20	0.24	853.64
1.20	0.23	853.97
1.20	0.24	854.31
1.20	0.24	854.64
1.20	0.23	854.97
1.20	0.24	855.31
1.21	0.24	855.65
1.20	0.24	855.98
1.20	0.24	856.33
1.20	0.24	856.66
1.20	0.24	857.00
1.20	0.24	857.34
1.21	0.24	857.68
1.20	0.24	858.02
1.20	0.23	858.35
1.20	0.23	858.68
1.20	0.24	859.02
1.21	0.24	859.36
1.20	0.24	859.70
1.20	0.24	860.04
1.20	0.23	860.37
1.21	0.25	860.71
1.21	0.25	861.06
1.21	0.25	861.41
1.20	0.23	861.74
1.20	0.23	862.07
1.20	0.24	862.41
1.20	0.24	862.74
1.20	0.24	863.08
1.20	0.24	863.41
1.21	0.25	863.76
1.20	0.24	864.10
1.20	0.24	864.44
1.21	0.25	864.79
1.20	0.23	865.11
1.20	0.23	865.44
1.20	0.23	865.77
1.20	0.24	866.11
1.20	0.23	866.44
1.20	0.24	866.77
1.20	0.24	867.11
1.20	0.24	867.44
1.21	0.24	867.78
1.20	0.23	868.11
1.20	0.24	868.45
1.20	0.24	868.78
1.20	0.24	869.12
1.20	0.23	869.45
1.20	0.24	869.78
1.21	0.24	870.12
1.20	0.24	870.46
1.20	0.24	870.80
1.21	0.24	871.14
1.20	0.24	871.48
1.20	0.24	871.82
1.20	0.24	872.15
1.20	0.24	872.49
1.20	0.23	872.82
1.21	0.24	873.16
1.20	0.23	873.49
1.20	0.23	873.82
1.20	0.24	874.15
1.21	0.24	874.49
1.20	0.24	874.83
1.20	0.23	875.16
1.20	0.24	875.49
1.21	0.25	875.84
1.20	0.23	876.17
1.20	0.24	876.50
1.20	0.23	876.83
1.20	0.24	877.17
1.20	0.24	877.50
1.20	0.23	877.83
1.21	0.24	878.17
1.20	0.24	878.50
1.20	0.24	878.84
1.20	0.24	879.18
1.20	0.24	879.52
1.20	0.24	879.86
1.20	0.23	880.18
1.21	0.24	880.53
1.20	0.23	880.85
1.20	0.23	881.18
1.21	0.25	881.53
1.20	0.24	881.87
1.20	0.23	882.20
1.20	0.24	882.54
1.20	0.24	882.87
1.20	0.23	883.20
1.20	0.24	883.54
1.20	0.24	883.87
1.21	0.24	884.21
1.20	0.24	884.55
1.20	0.24	884.89
1.20	0.24	885.22
1.21	0.24	885.56
1.21	0.24	885.90
1.20	0.23	886.23
1.21	0.25	886.58
1.20	0.24	886.92
1.21	0.25	887.27
1.20	0.24	887.60
1.20	0.24	887.94
1.20	0.23	888.27
1.20	0.24	888.61
1.20	0.23	888.94
1.21	0.24	889.28
1.20	0.24	889.61
1.20	0.23	889.94
1.20	0.24	890.28
1.20	0.24	890.61
1.20	0.24	890.95
1.20	0.24	891.29
1.20	0.23	891.62
1.21	0.24	891.97
1.20	0.23	892.29
1.20	0.24	892.63
1.20	0.24	892.96
1.20	0.24	893.30
1.20	0.23	893.63
1.20	0.24	893.96
1.20	0.24	894.30
1.20	0.23	894.63
1.21	0.24	894.97
1.20	0.25	895.32
1.20	0.24	895.66
1.20	0.24	895.99
1.21	0.25	896.34
1.20	0.23	896.67
1.20	0.24	897.00
1.20	0.24	897.35
1.21	0.24	897.69
1.20	0.24	898.02
1.20	0.24	898.36
1.20	0.24	898.69
1.20	0.24	899.03
1.20	0.23	899.36
1.19	0.23	899.69
1.20	0.24	900.03
1.20	0.24	900.37
1.20	0.25	900.72
1.20	0.24	901.05
1.19	0.23	901.38
1.20	0.24	901.72
1.20	0.24	902.05
1.20	0.23	902.38
1.20	0.23	902.71
1.20	0.24	903.04
1.19	0.24	903.38
1.19	0.23	903.71
1.19	0.23	904.04
1.19	0.23	904.37
1.19	0.23	904.70
1.20	0.24	905.03
1.20	0.24	905.37
1.19	0.23	905.69
1.20	0.24	906.04
1.19	0.23	906.36
1.20	0.24	906.69
1.19	0.23	907.02
1.19	0.23	907.34
1.20	0.24	907.68
1.19	0.24	908.02
1.20	0.24	908.36
1.20	0.24	908.70
1.20	0.24	909.03
1.19	0.23	909.36
1.20	0.24	909.70
1.20	0.24	910.04
1.20	0.24	910.37
1.20	0.24	910.71
1.20	0.24	911.05
1.21	0.25	911.40
1.20	0.24	911.74
1.19	0.23	912.07
1.20	0.24	912.41
1.19	0.23	912.74
1.20	0.24	913.07
1.19	0.23	913.40
1.20	0.24	913.74
1.19	0.24	914.08
1.19	0.23	914.40
1.20	0.24	914.74
1.20	0.24	915.08
1.20	0.24	915.41
1.20	0.24	915.75
1.19	0.23	916.08
1.19	0.23	916.41
1.20	0.24	916.75
1.20	0.24	917.08
1.20	0.24	917.43
1.20	0.24	917.76
1.19	0.23	918.08
1.21	0.25	918.44
1.20	0.23	918.76
1.20	0.23	919.08
1.19	0.23	919.41
1.20	0.24	919.74
1.20	0.24	920.08
1.20	0.24	920.41
1.19	0.23	920.74
1.20	0.24	921.08
1.19	0.23	921.41
1.20	0.24	921.75
1.20	0.24	922.08
1.19	0.23	922.41
1.20	0.24	922.75
1.20	0.24	923.09
1.20	0.24	923.42
1.20	0.24	923.76
1.20	0.24	924.10
1.20	0.25	924.45
1.19	0.24	924.78
1.19	0.23	925.11
1.20	0.25	925.46
1.20	0.24	925.80
1.20	0.24	926.14
1.19	0.23	926.47
1.19	0.23	926.79
1.19	0.23	927.12
1.20	0.24	927.46
1.19	0.23	927.79
1.19	0.23	928.12
1.20	0.24	928.45
1.19	0.23	928.78
1.19	0.24	929.12
1.20	0.23	929.45
1.19	0.23	929.78
1.21	0.24	930.12
1.20	0.24	930.46
1.20	0.24	930.80
1.19	0.23	931.13
1.20	0.24	931.47
1.19	0.23	931.80
1.19	0.24	932.14
1.20	0.24	932.47
1.19	0.23	932.79
1.19	0.24	933.13
1.19	0.23	933.46
1.19	0.23	933.79
1.20	0.24	934.13
1.19	0.24	934.46
1.20	0.25	934.81
1.19	0.24	935.15
1.19	0.23	935.47
1.20	0.24	935.81
1.20	0.24	936.15
1.19	0.24	936.49
1.19	0.23	936.82
1.20	0.24	937.16
1.20	0.24	937.50
1.20	0.24	937.84
1.20	0.24	938.18
1.20	0.24	938.52
1.20	0.24	938.85
1.20	0.24	939.19
1.19	0.23	939.52
1.19	0.24	939.86
1.19	0.23	940.18
1.20	0.24	940.52
1.21	0.25	940.87
1.19	0.23	941.20
1.20	0.24	941.53
1.20	0.23	941.86
1.19	0.24	942.20
1.20	0.24	942.54
1.20	0.24	942.87
1.19	0.24	943.21
1.19	0.24	943.54
1.19	0.23	943.87
1.20	0.24	944.21
1.20	0.24	944.55
1.20	0.24	944.89
1.20	0.23	945.22
1.19	0.24	945.56
1.19	0.24	945.89
1.19	0.24	946.23
1.20	0.24	946.57
1.19	0.23	946.90
1.20	0.24	947.24
1.19	0.24	947.57
1.19	0.23	947.90
1.19	0.23	948.23
1.19	0.23	948.56
1.19	0.24	948.89
1.20	0.24	949.24
1.19	0.24	949.57
1.20	0.24	949.91
1.20	0.23	950.24
1.19	0.24	950.58
1.19	0.24	950.91
1.20	0.24	951.25
1.20	0.24	951.59
1.20	0.24	951.92
1.20	0.24	952.26
1.19	0.24	952.60
1.20	0.24	952.94
1.20	0.25	953.29
1.19	0.23	953.62
1.20	0.24	953.96
1.21	0.24	954.30
1.20	0.23	954.63
1.21	0.24	954.97
1.20	0.23	955.29
1.21	0.24	955.64
1.21	0.23	955.96
1.20	0.24	956.30
1.20	0.24	956.63
1.21	0.24	956.97
1.20	0.24	957.30
1.20	0.24	957.64
1.21	0.24	957.98
1.20	0.24	958.31
1.21	0.24	958.65
1.21	0.24	958.99
1.20	0.23	959.32
1.20	0.23	959.65
1.21	0.24	959.99
1.21	0.23	960.32
1.20	0.24	960.66
1.20	0.23	960.99
1.21	0.24	961.33
1.20	0.23	961.66
1.20	0.24	962.00
1.20	0.25	962.34
1.21	0.24	962.69
1.20	0.24	963.02
1.21	0.24	963.36
1.21	0.24	963.70
1.21	0.25	964.05
1.20	0.24	964.39
1.20	0.23	964.72
1.20	0.23	965.04
1.20	0.23	965.37
1.20	0.23	965.70
1.20	0.24	966.04
1.21	0.23	966.37
1.21	0.25	966.71
1.20	0.24	967.05
1.21	0.24	967.39
1.20	0.25	967.74
1.20	0.23	968.07
1.20	0.24	968.40
1.21	0.25	968.75
1.20	0.23	969.08
1.21	0.24	969.42
1.21	0.24	969.76
1.21	0.24	970.09
1.21	0.25	970.44
1.20	0.24	970.77
1.20	0.24	971.11
1.20	0.24	971.45
1.20	0.23	971.78
1.21	0.25	972.13
1.21	0.24	972.47
1.20	0.24	972.80
1.20	0.24	973.14
1.19	0.24	973.48
1.20	0.24	973.82
1.20	0.24	974.16
1.21	0.25	974.50
1.20	0.24	974.85
1.21	0.25	975.19
1.21	0.24	975.53
1.20	0.24	975.86
1.21	0.24	976.20
1.20	0.24	976.54
1.20	0.24	976.88
1.20	0.24	977.21
1.20	0.23	977.54
1.19	0.23	977.86
1.21	0.24	978.20
1.20	0.24	978.53
1.21	0.25	978.88
1.20	0.24	979.22
1.20	0.24	979.55
1.20	0.24	979.89
1.19	0.23	980.21
1.20	0.23	980.54
1.20	0.24	980.88
1.21	0.25	981.23
1.21	0.24	981.57
1.21	0.25	981.91
1.20	0.24	982.25
1.21	0.25	982.60
1.20	0.25	982.95
1.20	0.24	983.28
1.20	0.24	983.62
1.20	0.24	983.96
1.21	0.25	984.30
1.20	0.24	984.64
1.20	0.24	984.97
1.19	0.23	985.29
1.20	0.24	985.63
1.20	0.24	985.97
1.20	0.24	986.32
1.20	0.24	986.65
1.19	0.23	986.98
1.20	0.23	987.31
1.20	0.24	987.65
1.21	0.25	988.00
1.20	0.24	988.34
1.20	0.23	988.67
1.20	0.24	989.00
1.20	0.24	989.34
1.19	0.23	989.67
1.20	0.24	990.00
1.20	0.24	990.34
1.20	0.24	990.68
1.19	0.23	991.00
1.21	0.23	991.33
1.20	0.24	991.67
1.20	0.24	992.00
1.20	0.24	992.34
1.20	0.25	992.68
1.20	0.24	993.02
1.19	0.23	993.35
1.19	0.23	993.68
1.21	0.25	994.02
1.20	0.24	994.36
1.20	0.24	994.69
1.19	0.23	995.02
1.19	0.22	995.33
1.21	0.24	995.68
1.20	0.24	996.01
1.20	0.24	996.35
1.21	0.24	996.69
1.19	0.23	997.02
1.20	0.24	997.35
1.20	0.24	997.69
1.21	0.24	998.03
1.20	0.24	998.38
1.20	0.24	998.72
1.20	0.24	999.05
1.21	0.25	999.40
1.19	0.23	999.73
1.20	0.24	1000.06
1.20	0.24	1000.40
1.21	0.24	1000.74
1.19	0.23	1001.07
1.20	0.24	1001.41
1.20	0.24	1001.75
1.20	0.24	1002.09
1.20	0.25	1002.44
1.19	0.23	1002.76
1.20	0.23	1003.09
1.19	0.23	1003.41
1.20	0.24	1003.75
1.19	0.23	1004.07
1.20	0.24	1004.42
1.20	0.24	1004.76
1.20	0.25	1005.11
1.20	0.24	1005.45
1.19	0.23	1005.78
1.21	0.25	1006.12
1.20	0.24	1006.46
1.20	0.24	1006.80
1.20	0.24	1007.14
1.19	0.24	1007.47
1.20	0.23	1007.80
1.20	0.24	1008.14
1.20	0.23	1008.46
1.21	0.25	1008.81
1.20	0.24	1009.15
1.21	0.25	1009.49
1.20	0.24	1009.84
1.21	0.25	1010.18
1.20	0.24	1010.52
1.20	0.24	1010.85
1.19	0.23	1011.17
1.20	0.24	1011.51
1.21	0.25	1011.86
1.21	0.25	1012.21
1.21	0.25	1012.56
1.19	0.23	1012.88
1.21	0.25	1013.24
1.19	0.24	1013.57
1.21	0.25	1013.93
1.20	0.23	1014.26
1.19	0.23	1014.59
1.20	0.24	1014.93
1.20	0.23	1015.26
1.19	0.23	1015.57
1.20	0.23	1015.90
1.20	0.24	1016.24
1.20	0.24	1016.59
1.19	0.24	1016.92
1.20	0.24	1017.26
1.21	0.25	1017.61
1.20	0.25	1017.96
1.20	0.24	1018.29
1.19	0.24	1018.63
1.20	0.24	1018.96
1.20	0.24	1019.30
1.20	0.24	1019.63
1.20	0.24	1019.97
1.20	0.24	1020.31
1.20	0.24	1020.65
1.20	0.24	1020.99
1.19	0.24	1021.32
1.20	0.24	1021.66
1.20	0.24	1022.00
1.20	0.24	1022.33
1.20	0.25	1022.68
1.20	0.23	1023.01
1.20	0.24	1023.35
1.20	0.24	1023.69
1.20	0.24	1024.03
1.19	0.23	1024.35
1.20	0.24	1024.69
1.20	0.23	1025.02
1.19	0.23	1025.35
1.20	0.24	1025.69
1.20	0.24	1026.03
1.20	0.24	1026.36
1.20	0.24	1026.70
1.19	0.24	1027.03
1.19	0.24	1027.37
1.20	0.24	1027.70
1.20	0.24	1028.05
1.20	0.24	1028.38
1.19	0.23	1028.71
1.20	0.24	1029.05
1.20	0.24	1029.39
1.19	0.24	1029.72
1.19	0.23	1030.05
1.20	0.24	1030.39
1.20	0.24	1030.73
1.20	0.24	1031.07
1.19	0.24	1031.41
1.20	0.24	1031.74
1.20	0.24	1032.08
1.19	0.23	1032.41
1.21	0.25	1032.76
1.20	0.24	1033.10
1.20	0.24	1033.44
1.20	0.25	1033.78
1.20	0.25	1034.13
1.20	0.24	1034.47
1.20	0.24	1034.81
1.20	0.24	1035.16
1.19	0.23	1035.48
1.19	0.23	1035.81
1.20	0.24	1036.15
1.19	0.23	1036.48
1.19	0.23	1036.81
1.20	0.24	1037.15
1.20	0.24	1037.48
1.19	0.23	1037.81
1.20	0.24	1038.15
1.20	0.25	1038.50
1.19	0.23	1038.82
1.20	0.24	1039.17
1.19	0.24	1039.50
1.20	0.24	1039.84
1.19	0.24	1040.17
1.19	0.23	1040.50
1.20	0.24	1040.84
1.20	0.24	1041.18
1.19	0.23	1041.51
1.19	0.23	1041.84
1.20	0.24	1042.17
1.20	0.24	1042.51
1.20	0.24	1042.84
1.19	0.24	1043.18
1.19	0.23	1043.49
1.21	0.24	1043.83
1.20	0.25	1044.18
1.20	0.24	1044.52
1.20	0.24	1044.87
1.20	0.25	1045.21
1.20	0.23	1045.54
1.19	0.23	1045.87
1.20	0.24	1046.21
1.19	0.24	1046.54
1.19	0.23	1046.87
1.19	0.24	1047.21
1.19	0.24	1047.54
1.19	0.23	1047.87
1.20	0.24	1048.21
1.20	0.25	1048.55
1.20	0.24	1048.89
1.19	0.24	1049.23
1.20	0.25	1049.58
1.19	0.23	1049.91
1.19	0.24	1050.25
1.19	0.23	1050.58
1.19	0.23	1050.91
1.19	0.24	1051.24
1.19	0.23	1051.57
1.19	0.24	1051.91
1.19	0.23	1052.23
1.19	0.24	1052.57
1.19	0.24	1052.91
1.19	0.24	1053.24
1.19	0.24	1053.58
1.19	0.24	1053.91
1.19	0.24	1054.25
1.18	0.24	1054.59
1.19	0.24	1054.92
1.19	0.24	1055.26
1.19	0.24	1055.60
1.19	0.24	1055.94
1.18	0.23	1056.26
1.19	0.24	1056.60
1.19	0.24	1056.93
1.19	0.24	1057.28
1.19	0.24	1057.61
1.19	0.25	1057.96
1.18	0.24	1058.29
1.18	0.23	1058.62
1.18	0.23	1058.95
1.19	0.24	1059.28
1.18	0.23	1059.61
1.19	0.25	1059.96
1.18	0.23	1060.29
1.19	0.24	1060.62
1.19	0.24	1060.96
1.18	0.24	1061.30
1.18	0.24	1061.63
1.19	0.24	1061.97
1.19	0.23	1062.30
1.19	0.24	1062.63
1.18	0.23	1062.96
1.18	0.24	1063.30
1.19	0.24	1063.63
1.18	0.24	1063.97
1.18	0.23	1064.30
1.19	0.24	1064.63
1.19	0.23	1064.96
1.20	0.24	1065.30
1.19	0.23	1065.63
1.19	0.23	1065.96
1.20	0.24	1066.30
1.19	0.23	1066.63
1.19	0.23	1066.96
1.18	0.23	1067.28
1.19	0.24	1067.61
1.18	0.23	1067.94
1.19	0.23	1068.27
1.19	0.24	1068.60
1.18	0.23	1068.93
1.20	0.25	1069.28
1.18	0.24	1069.61
1.19	0.24	1069.95
1.18	0.24	1070.29
1.18	0.24	1070.62
1.18	0.24	1070.96
1.18	0.23	1071.28
1.18	0.24	1071.61
1.18	0.24	1071.95
1.18	0.23	1072.28
1.18	0.24	1072.61
1.19	0.23	1072.93
1.18	0.23	1073.26
1.19	0.24	1073.60
1.19	0.24	1073.93
1.18	0.23	1074.26
1.18	0.24	1074.60
1.20	0.25	1074.95
1.19	0.24	1075.28
1.18	0.23	1075.61
1.18	0.24	1075.95
1.19	0.23	1076.27
1.18	0.23	1076.60
1.19	0.24	1076.94
1.18	0.24	1077.27
1.18	0.24	1077.61
1.19	0.23	1077.93
1.18	0.23	1078.26
1.18	0.24	1078.60
1.19	0.24	1078.93
1.19	0.24	1079.27
1.19	0.24	1079.61
1.19	0.24	1079.95
1.19	0.24	1080.29
1.19	0.23	1080.61
1.19	0.24	1080.95
1.18	0.23	1081.28
1.18	0.23	1081.61
1.19	0.24	1081.95
1.19	0.24	1082.29
1.18	0.24	1082.63
1.19	0.24	1082.96
1.19	0.25	1083.31
1.19	0.24	1083.65
1.19	0.24	1083.99
1.19	0.23	1084.31
1.19	0.23	1084.64
1.18	0.23	1084.97
1.19	0.24	1085.31
1.19	0.24	1085.64
1.18	0.23	1085.97
1.19	0.24	1086.31
1.18	0.23	1086.64
1.19	0.24	1086.98
1.19	0.24	1087.31
1.18	0.23	1087.64
1.18	0.23	1087.97
1.19	0.25	1088.32
1.18	0.23	1088.65
1.19	0.24	1088.98
1.18	0.24	1089.32
1.18	0.23	1089.65
1.18	0.23	1089.98
1.18	0.24	1090.31
1.19	0.24	1090.65
1.19	0.24	1090.99
1.19	0.24	1091.32
1.19	0.24	1091.67
1.18	0.23	1091.99
1.18	0.23	1092.32
1.18	0.23	1092.65
1.18	0.24	1092.99
1.19	0.24	1093.32
1.18	0.24	1093.66
1.18	0.24	1093.99
1.18	0.24	1094.33
1.18	0.23	1094.65
1.18	0.24	1094.99
1.18	0.24	1095.33
1.18	0.23	1095.65
1.18	0.24	1095.99
1.17	0.23	1096.31
1.18	0.23	1096.64
1.18	0.24	1096.97
1.18	0.23	1097.30
1.17	0.23	1097.63
1.18	0.23	1097.96
1.18	0.23	1098.29
1.19	0.24	1098.63
1.18	0.23	1098.95
1.18	0.24	1099.29
1.18	0.23	1099.62
1.18	0.24	1099.95
1.17	0.23	1100.28
1.17	0.23	1100.61
1.18	0.23	1100.93
1.18	0.24	1101.27
1.18	0.23	1101.60
1.18	0.24	1101.94
1.17	0.23	1102.27
1.18	0.23	1102.59
1.17	0.23	1102.92
1.17	0.23	1103.25
1.18	0.24	1103.59
1.18	0.24	1103.92
1.18	0.23	1104.25
1.17	0.23	1104.58
1.18	0.24	1104.92
1.17	0.23	1105.25
1.18	0.24	1105.58
1.17	0.23	1105.91
1.18	0.24	1106.24
1.18	0.24	1106.58
1.18	0.24	1106.91
1.18	0.24	1107.26
1.18	0.24	1107.59
1.18	0.24	1107.93
1.18	0.24	1108.26
1.18	0.24	1108.60
1.17	0.23	1108.93
1.17	0.23	1109.25
1.18	0.24	1109.59
1.18	0.24	1109.92
1.17	0.23	1110.25
1.17	0.23	1110.58
1.17	0.23	1110.91
1.19	0.24	1111.25
1.18	0.24	1111.58
1.18	0.24	1111.92
1.17	0.23	1112.24
1.18	0.24	1112.58
1.17	0.24	1112.91
1.17	0.23	1113.24
1.18	0.23	1113.56
1.18	0.24	1113.90
1.17	0.23	1114.23
1.17	0.23	1114.56
1.18	0.24	1114.90
1.18	0.24	1115.23
1.18	0.24	1115.57
1.19	0.24	1115.91
1.19	0.24	1116.25
1.20	0.24	1116.59
1.18	0.24	1116.92
1.18	0.24	1117.26
1.18	0.23	1117.59
1.19	0.24	1117.92
1.19	0.23	1118.25
1.19	0.24	1118.59
1.21	0.25	1118.94
1.18	0.23	1119.27
1.17	0.23	1119.60
1.18	0.23	1119.93
1.17	0.23	1120.26
1.18	0.24	1120.59
1.18	0.24	1120.93
1.17	0.23	1121.26
1.17	0.23	1121.59
1.17	0.23	1121.92
1.17	0.23	1122.24
1.17	0.23	1122.57
1.17	0.23	1122.89
1.18	0.24	1123.23
1.17	0.23	1123.56
1.17	0.23	1123.89
1.17	0.23	1124.22
1.17	0.23	1124.55
1.17	0.24	1124.88
1.17	0.24	1125.22
1.17	0.23	1125.55
1.18	0.24	1125.88
1.17	0.23	1126.20
1.17	0.23	1126.53
1.18	0.24	1126.87
1.17	0.24	1127.20
1.17	0.23	1127.52
1.17	0.23	1127.85
1.17	0.23	1128.18
1.17	0.23	1128.51
1.18	0.23	1128.84
1.18	0.24	1129.17
1.17	0.24	1129.51
1.17	0.23	1129.84
1.17	0.24	1130.17
1.18	0.24	1130.51
1.18	0.24	1130.85
1.17	0.24	1131.18
1.17	0.23	1131.51
1.17	0.24	1131.85
1.17	0.23	1132.18
1.17	0.24	1132.51
1.17	0.23	1132.84
1.18	0.24	1133.18
1.17	0.23	1133.50
1.17	0.24	1133.84
1.17	0.23	1134.17
1.17	0.23	1134.50
1.17	0.23	1134.83
1.18	0.24	1135.16
1.18	0.24	1135.50
1.17	0.23	1135.83
1.17	0.23	1136.15
1.17	0.24	1136.48
1.17	0.23	1136.81
1.18	0.24	1137.16
1.17	0.23	1137.47
1.17	0.23	1137.80
1.17	0.23	1138.12
1.18	0.24	1138.46
1.18	0.24	1138.79
1.17	0.23	1139.11
1.17	0.23	1139.44
1.17	0.23	1139.77
1.17	0.23	1140.10
1.18	0.24	1140.43
1.17	0.23	1140.76
1.18	0.24	1141.10
1.18	0.24	1141.44
1.17	0.23	1141.77
1.17	0.23	1142.09
1.18	0.24	1142.43
1.17	0.23	1142.76
1.17	0.23	1143.09
1.17	0.24	1143.43
1.17	0.23	1143.75
1.17	0.23	1144.07
1.17	0.23	1144.40
1.17	0.23	1144.73
1.17	0.24	1145.06
1.17	0.23	1145.39
1.17	0.23	1145.72
1.17	0.23	1146.05
1.17	0.23	1146.37
1.17	0.23	1146.69
1.17	0.23	1147.01
1.17	0.23	1147.34
1.17	0.23	1147.67
1.17	0.23	1148.00
1.17	0.23	1148.32
1.18	0.24	1148.67
1.17	0.23	1148.99
1.17	0.23	1149.32
1.17	0.23	1149.63
1.17	0.23	1149.95
1.17	0.23	1150.27
1.17	0.23	1150.60
1.17	0.23	1150.93
1.17	0.23	1151.26
1.17	0.23	1151.59
1.17	0.24	1151.93
1.18	0.24	1152.27
1.17	0.23	1152.60
1.17	0.23	1152.92
1.18	0.24	1153.26
1.17	0.23	1153.59
1.17	0.23	1153.92
1.17	0.24	1154.25
1.18	0.24	1154.59
1.17	0.24	1154.93
1.17	0.23	1155.26
1.17	0.24	1155.59
1.17	0.23	1155.92
1.17	0.23	1156.24
1.17	0.23	1156.56
1.17	0.23	1156.89
1.17	0.23	1157.21
1.18	0.24	1157.55
1.17	0.23	1157.88
1.17	0.24	1158.21
1.17	0.23	1158.54
1.17	0.23	1158.87
1.17	0.23	1159.20
1.17	0.23	1159.52
1.17	0.23	1159.85
1.17	0.23	1160.18
1.17	0.23	1160.51
1.17	0.23	1160.84
1.17	0.23	1161.17
1.17	0.23	1161.50
1.17	0.23	1161.82
1.17	0.23	1162.14
1.17	0.23	1162.47
1.17	0.23	1162.80
1.17	0.23	1163.13
1.17	0.24	1163.46
1.17	0.24	1163.80
1.17	0.23	1164.13
1.18	0.24	1164.47
1.17	0.23	1164.79
1.17	0.24	1165.13
1.17	0.23	1165.45
1.17	0.23	1165.78
1.17	0.23	1166.11
1.17	0.24	1166.45
1.17	0.23	1166.77
1.17	0.23	1167.10
1.17	0.23	1167.43
1.17	0.24	1167.76
1.17	0.23	1168.09
1.17	0.23	1168.42
1.17	0.23	1168.74
1.17	0.23	1169.07
1.17	0.24	1169.40
1.17	0.23	1169.73
1.17	0.23	1170.05
1.18	0.24	1170.40
1.17	0.24	1170.73
1.17	0.24	1171.07
1.17	0.23	1171.40
1.17	0.23	1171.73
1.17	0.24	1172.07
1.17	0.23	1172.40
1.17	0.24	1172.73
1.17	0.23	1173.05
1.17	0.23	1173.38
1.17	0.23	1173.71
1.17	0.23	1174.03
1.17	0.23	1174.36
1.17	0.23	1174.69
1.17	0.24	1175.03
1.17	0.24	1175.36
1.17	0.24	1175.70
1.17	0.23	1176.03
1.17	0.24	1176.37
1.17	0.24	1176.70
1.17	0.23	1177.03
1.17	0.23	1177.35
1.17	0.23	1177.67
1.17	0.23	1178.00
1.17	0.24	1178.34
1.17	0.23	1178.67
1.17	0.23	1178.99
1.17	0.23	1179.32
1.17	0.23	1179.65
1.17	0.23	1179.97
1.17	0.23	1180.30
1.17	0.24	1180.63
1.18	0.24	1180.98
1.17	0.23	1181.30
1.17	0.23	1181.62
1.17	0.24	1181.96
1.17	0.23	1182.28
1.17	0.23	1182.61
1.17	0.23	1182.93
1.17	0.23	1183.26
1.17	0.23	1183.59
1.17	0.23	1183.92
1.17	0.24	1184.25
1.17	0.24	1184.59
1.17	0.24	1184.94
1.17	0.23	1185.26
1.17	0.23	1185.59
1.17	0.23	1185.90
1.17	0.23	1186.23
1.17	0.23	1186.56
1.17	0.24	1186.89
1.17	0.23	1187.22
1.17	0.23	1187.54
1.17	0.23	1187.87
1.17	0.23	1188.20
1.17	0.23	1188.53
1.17	0.23	1188.86
1.17	0.23	1189.19
1.17	0.23	1189.52
1.17	0.23	1189.84
1.17	0.23	1190.16
1.17	0.23	1190.49
1.17	0.23	1190.82
1.17	0.24	1191.16
1.17	0.23	1191.49
1.17	0.23	1191.81
1.17	0.23	1192.14
1.17	0.23	1192.46
1.17	0.24	1192.80
1.17	0.24	1193.13
1.17	0.23	1193.45
1.17	0.23	1193.78
1.17	0.23	1194.11
1.17	0.24	1194.45
1.17	0.23	1194.78
1.17	0.23	1195.10
1.17	0.23	1195.43
1.17	0.23	1195.75
1.17	0.23	1196.07
1.17	0.23	1196.40
1.17	0.24	1196.73
1.17	0.23	1197.06
1.17	0.24	1197.40
1.17	0.23	1197.73
1.17	0.23	1198.05
1.17	0.23	1198.37
1.17	0.24	1198.70
1.17	0.24	1199.04
1.17	0.23	1199.36
1.17	0.23	1199.69
1.17	0.24	1200.02
1.17	0.24	1200.36
1.17	0.24	1200.70
1.17	0.23	1201.03
1.17	0.24	1201.36
1.17	0.23	1201.69
1.17	0.23	1202.01
1.17	0.23	1202.34
1.17	0.23	1202.67
1.17	0.23	1203.00
1.17	0.23	1203.32
1.17	0.23	1203.64
1.17	0.23	1203.97
1.17	0.23	1204.30
1.17	0.23	1204.62
1.17	0.23	1204.95
1.17	0.23	1205.28
1.17	0.24	1205.61
1.17	0.23	1205.93
1.17	0.23	1206.26
1.17	0.23	1206.59
1.17	0.23	1206.91
1.17	0.23	1207.24
1.17	0.23	1207.56
1.17	0.23	1207.89
1.17	0.23	1208.22
1.17	0.23	1208.55
1.17	0.24	1208.88
1.17	0.23	1209.21
1.17	0.23	1209.53
1.17	0.23	1209.86
1.17	0.23	1210.19
1.17	0.23	1210.52
1.17	0.23	1210.84
1.17	0.23	1211.16
1.17	0.23	1211.49
1.17	0.23	1211.81
1.17	0.24	1212.15
1.17	0.23	1212.48
1.17	0.23	1212.79
1.17	0.23	1213.12
1.17	0.24	1213.46
1.16	0.23	1213.78
1.17	0.23	1214.10
1.16	0.23	1214.42
1.17	0.23	1214.75
1.17	0.23	1215.08
1.17	0.23	1215.41
1.17	0.24	1215.74
1.17	0.23	1216.07
1.17	0.24	1216.41
1.17	0.24	1216.75
1.17	0.23	1217.07
1.17	0.23	1217.40
1.17	0.23	1217.73
1.17	0.23	1218.05
1.17	0.23	1218.38
1.16	0.23	1218.70
1.17	0.23	1219.03
1.16	0.23	1219.36
1.17	0.23	1219.69
1.17	0.23	1220.02
1.17	0.23	1220.34
1.16	0.23	1220.66
1.16	0.23	1220.99
1.17	0.23	1221.31
1.16	0.23	1221.63
1.17	0.23	1221.96
1.18	0.23	1222.29
1.18	0.23	1222.62
1.18	0.24	1222.95
1.17	0.23	1223.28
1.17	0.23	1223.61
1.17	0.23	1223.94
1.17	0.23	1224.26
1.17	0.24	1224.60
1.17	0.23	1224.93
1.17	0.23	1225.25
1.18	0.24	1225.59
1.17	0.23	1225.91
1.17	0.23	1226.24
1.17	0.24	1226.58
1.18	0.24	1226.92
1.17	0.23	1227.24
1.17	0.23	1227.56
1.17	0.24	1227.90
1.17	0.23	1228.23
1.18	0.24	1228.57
1.18	0.24	1228.91
1.17	0.23	1229.23
1.17	0.24	1229.57
1.17	0.24	1229.91
1.17	0.23	1230.23
1.17	0.23	1230.56
1.17	0.23	1230.89
1.17	0.23	1231.22
1.17	0.23	1231.55
1.17	0.23	1231.88
1.17	0.23	1232.21
1.17	0.23	1232.54
1.17	0.23	1232.85
1.17	0.23	1233.18
1.17	0.23	1233.51
1.17	0.23	1233.84
1.17	0.24	1234.18
1.17	0.24	1234.51
1.17	0.23	1234.84
1.17	0.24	1235.18
1.17	0.23	1235.51
1.17	0.23	1235.83
1.17	0.23	1236.16
1.17	0.23	1236.49
1.17	0.23	1236.82
1.17	0.23	1237.14
1.17	0.23	1237.46
1.17	0.23	1237.79
1.17	0.23	1238.12
1.17	0.24	1238.45
1.17	0.23	1238.78
1.17	0.23	1239.11
1.17	0.23	1239.44
1.17	0.23	1239.77
1.17	0.23	1240.10
1.17	0.23	1240.43
1.18	0.24	1240.76
1.17	0.23	1241.09
1.17	0.24	1241.43
1.17	0.23	1241.75
1.17	0.23	1242.08
1.17	0.23	1242.41
1.17	0.23	1242.73
1.17	0.24	1243.06
1.17	0.23	1243.39
1.17	0.23	1243.72
1.17	0.23	1244.05
1.17	0.23	1244.37
1.17	0.23	1244.69
1.17	0.23	1245.02
1.17	0.23	1245.34
1.17	0.24	1245.67
1.17	0.23	1246.00
1.17	0.24	1246.33
1.17	0.23	1246.66
1.17	0.23	1246.98
1.17	0.24	1247.32
1.17	0.23	1247.64
1.17	0.24	1247.97
1.17	0.24	1248.31
1.17	0.23	1248.64
1.17	0.24	1248.97
1.17	0.24	1249.31
1.17	0.23	1249.64
1.17	0.24	1249.97
1.18	0.24	1250.31
1.17	0.23	1250.64
1.17	0.24	1250.98
1.17	0.23	1251.30
1.17	0.23	1251.63
1.17	0.23	1251.96
1.17	0.24	1252.29
1.17	0.24	1252.63
1.17	0.23	1252.96
1.17	0.23	1253.29
1.17	0.24	1253.63
1.17	0.25	1253.98
1.17	0.23	1254.30
1.17	0.24	1254.64
1.17	0.24	1254.97
1.17	0.23	1255.30
1.17	0.24	1255.63
1.17	0.23	1255.96
1.17	0.23	1256.28
1.17	0.23	1256.61
1.17	0.23	1256.93
1.17	0.23	1257.26
1.17	0.23	1257.59
1.17	0.23	1257.91
1.17	0.23	1258.24
1.17	0.23	1258.56
1.17	0.23	1258.89
1.17	0.23	1259.22
1.17	0.24	1259.56
1.17	0.23	1259.89
1.17	0.23	1260.22
1.17	0.23	1260.54
1.17	0.23	1260.86
1.17	0.23	1261.19
1.17	0.23	1261.51
1.17	0.23	1261.84
1.17	0.23	1262.16
1.17	0.23	1262.49
1.17	0.23	1262.81
1.17	0.24	1263.15
1.17	0.23	1263.48
1.17	0.23	1263.81
1.17	0.23	1264.14
1.16	0.23	1264.46
1.17	0.23	1264.79
1.17	0.23	1265.11
1.17	0.23	1265.44
1.17	0.24	1265.78
1.17	0.23	1266.11
1.17	0.23	1266.44
1.17	0.23	1266.77
1.17	0.23	1267.09
1.17	0.23	1267.42
1.17	0.24	1267.76
1.17	0.23	1268.09
1.17	0.23	1268.40
1.17	0.23	1268.73
1.17	0.23	1269.06
1.17	0.23	1269.37
1.17	0.23	1269.70
1.17	0.23	1270.03
1.16	0.23	1270.35
1.17	0.24	1270.70
1.17	0.23	1271.02
1.17	0.23	1271.34
1.17	0.23	1271.66
1.17	0.23	1271.98
1.17	0.23	1272.31
1.16	0.23	1272.63
1.17	0.24	1272.97
1.17	0.24	1273.31
1.16	0.23	1273.63
1.17	0.24	1273.97
1.17	0.23	1274.29
1.17	0.23	1274.61
1.16	0.23	1274.93
1.16	0.23	1275.26
1.17	0.23	1275.59
1.17	0.23	1275.92
1.16	0.23	1276.24
1.17	0.24	1276.58
1.17	0.24	1276.92
1.17	0.23	1277.23
1.17	0.23	1277.56
1.17	0.24	1277.90
1.17	0.23	1278.23
1.17	0.24	1278.56
1.17	0.23	1278.89
1.17	0.23	1279.21
1.17	0.23	1279.54
1.17	0.23	1279.87
1.16	0.23	1280.19
1.17	0.23	1280.51
1.17	0.23	1280.84
1.17	0.23	1281.17
1.17	0.23	1281.49
1.17	0.23	1281.82
1.17	0.24	1282.15
1.16	0.23	1282.48
1.17	0.23	1282.81
1.17	0.23	1283.13
1.16	0.23	1283.45
1.16	0.23	1283.77
1.16	0.23	1284.09
1.17	0.24	1284.43
1.16	0.23	1284.75
1.17	0.24	1285.09
1.17	0.23	1285.42
1.17	0.24	1285.75
1.17	0.23	1286.07
1.17	0.23	1286.40
1.17	0.24	1286.74
1.17	0.23	1287.07
1.17	0.23	1287.40
1.16	0.23	1287.72
1.17	0.24	1288.05
1.16	0.23	1288.38
1.17	0.24	1288.72
1.17	0.24	1289.05
1.16	0.23	1289.38
1.17	0.24	1289.71
1.16	0.23	1290.04
1.17	0.23	1290.36
1.17	0.23	1290.69
1.16	0.23	1291.00
1.16	0.23	1291.33
1.16	0.23	1291.66
1.16	0.23	1291.98
1.17	0.24	1292.32
1.16	0.23	1292.65
1.17	0.24	1292.98
1.17	0.24	1293.32
1.17	0.23	1293.65
1.17	0.23	1293.98
1.17	0.23	1294.31
1.17	0.23	1294.63
1.16	0.23	1294.95
1.17	0.24	1295.29
1.16	0.23	1295.60
1.16	0.23	1295.93
1.17	0.24	1296.27
1.16	0.23	1296.60
1.17	0.23	1296.93
1.16	0.23	1297.25
1.16	0.23	1297.57
1.16	0.23	1297.90
1.16	0.23	1298.22
1.16	0.23	1298.54
1.16	0.23	1298.86
1.16	0.23	1299.18
1.16	0.23	1299.51
1.17	0.23	1299.84
1.17	0.23	1300.16
1.16	0.23	1300.49
1.16	0.23	1300.81
1.16	0.23	1301.14
1.16	0.23	1301.47
1.16	0.23	1301.79
1.17	0.24	1302.13
1.16	0.23	1302.45
1.16	0.23	1302.77
1.16	0.23	1303.10
1.16	0.23	1303.43
1.16	0.23	1303.76
1.16	0.23	1304.07
1.16	0.23	1304.40
1.16	0.23	1304.72
1.16	0.23	1305.05
1.16	0.23	1305.37
1.16	0.23	1305.69
1.16	0.23	1306.01
1.16	0.23	1306.34
1.16	0.23	1306.67
1.15	0.23	1306.99
1.16	0.23	1307.30
1.16	0.23	1307.63
1.16	0.23	1307.95
1.16	0.23	1308.27
1.16	0.23	1308.59
1.16	0.23	1308.92
1.16	0.23	1309.25
1.16	0.23	1309.57
1.16	0.23	1309.90
1.16	0.23	1310.23
1.16	0.23	1310.56
1.16	0.23	1310.88
1.16	0.23	1311.21
1.16	0.23	1311.54
1.16	0.23	1311.85
1.17	0.24	1312.19
1.16	0.23	1312.50
1.16	0.23	1312.83
1.16	0.23	1313.14
1.16	0.23	1313.46
1.16	0.23	1313.79
1.16	0.23	1314.11
1.15	0.23	1314.42
1.16	0.23	1314.75
1.16	0.23	1315.08
1.16	0.23	1315.40
1.16	0.23	1315.73
1.16	0.23	1316.05
1.15	0.23	1316.37
1.16	0.23	1316.69
1.16	0.23	1317.02
1.16	0.23	1317.34
1.16	0.23	1317.66
1.16	0.23	1317.99
1.16	0.23	1318.30
1.16	0.23	1318.62
1.16	0.23	1318.95
1.16	0.24	1319.29
1.16	0.23	1319.61
1.16	0.23	1319.94
1.15	0.22	1320.25
1.16	0.23	1320.57
1.16	0.23	1320.90
1.16	0.23	1321.23
1.16	0.24	1321.56
1.16	0.23	1321.89
1.16	0.23	1322.21
1.16	0.23	1322.53
1.15	0.23	1322.85
1.16	0.24	1323.18
1.15	0.23	1323.51
1.15	0.23	1323.82
1.15	0.23	1324.15
1.16	0.23	1324.48
1.15	0.23	1324.80
1.15	0.23	1325.13
1.16	0.24	1325.48
1.15	0.23	1325.80
1.16	0.23	1326.13
1.15	0.23	1326.44
1.15	0.23	1326.76
1.15	0.23	1327.08
1.16	0.24	1327.42
1.15	0.23	1327.74
1.15	0.23	1328.07
1.15	0.23	1328.40
1.15	0.23	1328.72
1.16	0.24	1329.05
1.16	0.23	1329.38
1.15	0.23	1329.70
1.15	0.23	1330.02
1.16	0.24	1330.36
1.15	0.23	1330.68
1.15	0.23	1330.99
1.15	0.23	1331.31
1.15	0.23	1331.63
1.15	0.23	1331.96
1.16	0.24	1332.29
1.15	0.23	1332.61
1.15	0.23	1332.93
1.15	0.23	1333.25
1.16	0.24	1333.59
1.15	0.23	1333.92
1.15	0.23	1334.25
1.15	0.23	1334.57
1.16	0.23	1334.90
1.15	0.23	1335.22
1.15	0.23	1335.55
1.15	0.23	1335.87
1.15	0.23	1336.19
1.16	0.24	1336.53
1.15	0.23	1336.86
1.14	0.23	1337.17
1.15	0.22	1337.48
1.15	0.23	1337.81
1.15	0.23	1338.13
1.16	0.23	1338.46
1.15	0.23	1338.77
1.16	0.23	1339.10
1.15	0.23	1339.42
1.15	0.23	1339.74
1.15	0.23	1340.06
1.15	0.23	1340.38
1.15	0.23	1340.70
1.14	0.22	1341.02
1.15	0.23	1341.34
1.15	0.23	1341.65
1.14	0.23	1341.97
1.15	0.23	1342.29
1.15	0.23	1342.62
1.15	0.23	1342.94
1.15	0.23	1343.26
1.15	0.23	1343.59
1.15	0.23	1343.91
1.15	0.23	1344.24
1.14	0.22	1344.55
1.15	0.23	1344.86
1.15	0.23	1345.19
1.15	0.23	1345.51
1.15	0.23	1345.83
1.15	0.23	1346.16
1.15	0.23	1346.47
1.15	0.23	1346.80
1.15	0.23	1347.12
1.15	0.23	1347.45
1.15	0.23	1347.78
1.15	0.23	1348.11
1.15	0.23	1348.42
1.15	0.23	1348.74
1.15	0.23	1349.07
1.15	0.23	1349.38
1.15	0.23	1349.71
1.15	0.23	1350.03
1.15	0.23	1350.35
1.15	0.23	1350.68
1.15	0.23	1351.00
1.15	0.23	1351.33
1.15	0.23	1351.64
1.15	0.23	1351.97
1.14	0.23	1352.29
1.15	0.23	1352.61
1.15	0.23	1352.93
1.15	0.23	1353.26
1.16	0.24	1353.59
1.15	0.23	1353.92
1.15	0.23	1354.24
1.15	0.23	1354.56
1.15	0.23	1354.89
1.15	0.23	1355.21
1.15	0.23	1355.53
1.16	0.24	1355.87
1.15	0.23	1356.20
1.15	0.23	1356.52
1.15	0.23	1356.84
1.14	0.23	1357.15
1.15	0.23	1357.47
1.15	0.23	1357.79
1.15	0.23	1358.11
1.15	0.23	1358.43
1.15	0.23	1358.76
1.15	0.23	1359.09
1.15	0.23	1359.41
1.15	0.23	1359.73
1.15	0.23	1360.05
1.15	0.23	1360.37
1.14	0.23	1360.69
1.15	0.23	1361.01
1.14	0.23	1361.33
1.15	0.23	1361.65
1.15	0.23	1361.97
1.15	0.23	1362.29
1.15	0.23	1362.60
1.15	0.23	1362.93
1.15	0.23	1363.25
1.15	0.23	1363.57
1.15	0.23	1363.88
1.15	0.23	1364.21
1.15	0.23	1364.53
1.15	0.22	1364.84
1.15	0.23	1365.17
1.15	0.23	1365.49
1.14	0.23	1365.81
1.15	0.23	1366.14
1.15	0.23	1366.45
1.15	0.23	1366.78
1.15	0.24	1367.11
1.16	0.24	1367.45
1.15	0.23	1367.77
1.15	0.23	1368.09
1.14	0.23	1368.42
1.14	0.23	1368.74
1.14	0.23	1369.05
1.15	0.24	1369.39
1.14	0.23	1369.71
1.15	0.23	1370.04
1.15	0.23	1370.36
1.15	0.23	1370.68
1.15	0.23	1371.01
1.14	0.22	1371.32
1.15	0.23	1371.65
1.15	0.23	1371.97
1.14	0.22	1372.28
1.15	0.23	1372.60
1.15	0.23	1372.92
1.15	0.23	1373.25
1.14	0.22	1373.56
1.15	0.23	1373.89
1.14	0.23	1374.21
1.14	0.23	1374.52
1.14	0.23	1374.85
1.15	0.23	1375.17
1.14	0.23	1375.50
1.14	0.23	1375.82
1.15	0.23	1376.13
1.15	0.23	1376.46
1.14	0.23	1376.78
1.14	0.23	1377.11
1.14	0.23	1377.43
1.15	0.23	1377.75
1.15	0.23	1378.08
1.14	0.22	1378.39
1.15	0.23	1378.72
1.14	0.22	1379.03
1.15	0.23	1379.35
1.14	0.23	1379.67
1.14	0.22	1379.97
1.15	0.23	1380.29
1.14	0.23	1380.60
1.14	0.23	1380.93
1.14	0.23	1381.24
1.15	0.23	1381.56
1.14	0.23	1381.88
1.14	0.23	1382.20
1.14	0.23	1382.52
1.15	0.23	1382.85
1.15	0.23	1383.17
1.15	0.23	1383.50
1.14	0.23	1383.83
1.14	0.23	1384.15
1.14	0.23	1384.47
1.15	0.23	1384.80
1.14	0.23	1385.13
1.14	0.23	1385.45
1.14	0.23	1385.78
1.14	0.23	1386.09
1.15	0.23	1386.42
1.14	0.22	1386.73
1.15	0.23	1387.06
1.15	0.24	1387.40
1.14	0.22	1387.70
1.15	0.24	1388.04
1.15	0.23	1388.36
1.14	0.23	1388.69
1.15	0.23	1389.01
1.14	0.23	1389.34
1.14	0.23	1389.66
1.14	0.23	1389.98
1.14	0.23	1390.30
1.14	0.23	1390.61
1.14	0.23	1390.93
1.14	0.23	1391.25
1.15	0.24	1391.59
1.15	0.23	1391.90
1.14	0.22	1392.21
1.14	0.23	1392.53
1.14	0.23	1392.85
1.14	0.23	1393.17
1.14	0.23	1393.49
1.14	0.22	1393.79
1.14	0.23	1394.12
1.14	0.22	1394.43
1.15	0.24	1394.77
1.14	0.23	1395.09
1.14	0.23	1395.41
1.14	0.23	1395.73
1.14	0.23	1396.06
1.14	0.23	1396.37
1.14	0.23	1396.70
1.15	0.23	1397.03
1.14	0.22	1397.33
1.14	0.23	1397.65
1.14	0.23	1397.97
1.14	0.23	1398.29
1.14	0.23	1398.62
1.15	0.23	1398.94
1.14	0.23	1399.26
1.14	0.23	1399.59
1.14	0.23	1399.92
1.14	0.23	1400.24
1.14	0.23	1400.56
1.14	0.23	1400.88
1.14	0.23	1401.20
1.14	0.23	1401.52
1.14	0.22	1401.83
1.14	0.23	1402.15
1.14	0.22	1402.46
1.15	0.23	1402.79
1.14	0.23	1403.10
1.14	0.23	1403.43
1.14	0.23	1403.76
1.14	0.23	1404.09
1.14	0.23	1404.41
1.14	0.23	1404.72
1.14	0.22	1405.04
1.14	0.23	1405.35
1.14	0.22	1405.66
1.13	0.23	1405.97
1.14	0.23	1406.30
1.15	0.24	1406.63
1.14	0.22	1406.93
1.14	0.23	1407.25
1.14	0.23	1407.57
1.14	0.23	1407.89
1.14	0.23	1408.21
1.14	0.23	1408.53
1.14	0.23	1408.85
1.14	0.23	1409.18
1.14	0.23	1409.49
1.14	0.23	1409.82
1.14	0.23	1410.13
1.14	0.23	1410.45
1.14	0.23	1410.77
1.14	0.23	1411.09
1.14	0.22	1411.41
1.14	0.23	1411.73
1.14	0.23	1412.05
1.14	0.23	1412.37
1.14	0.23	1412.70
1.14	0.23	1413.03
1.14	0.23	1413.36
1.14	0.23	1413.69
1.14	0.23	1414.01
1.13	0.23	1414.33
1.15	0.23	1414.66
1.14	0.23	1414.98
1.14	0.23	1415.30
1.14	0.23	1415.63
1.14	0.22	1415.94
1.14	0.23	1416.26
1.14	0.23	1416.59
1.13	0.23	1416.91
1.13	0.22	1417.22
1.14	0.23	1417.54
1.14	0.23	1417.86
1.14	0.23	1418.18
1.14	0.23	1418.50
1.14	0.23	1418.83
1.13	0.22	1419.14
1.14	0.23	1419.46
1.14	0.23	1419.78
1.14	0.23	1420.10
1.14	0.23	1420.42
1.14	0.22	1420.73
1.14	0.23	1421.04
1.14	0.23	1421.37
1.13	0.22	1421.68
1.13	0.23	1422.00
1.13	0.23	1422.31
1.14	0.23	1422.63
1.14	0.23	1422.96
1.13	0.22	1423.27
1.14	0.22	1423.58
1.14	0.23	1423.90
1.13	0.23	1424.21
1.14	0.23	1424.54
1.14	0.23	1424.87
1.13	0.23	1425.19
1.14	0.23	1425.52
1.14	0.23	1425.85
1.13	0.23	1426.16
1.14	0.23	1426.49
1.14	0.23	1426.81
1.14	0.23	1427.13
1.13	0.22	1427.43
1.14	0.22	1427.73
1.14	0.23	1428.06
1.14	0.23	1428.38
1.13	0.23	1428.70
1.14	0.23	1429.02
1.13	0.23	1429.34
1.13	0.23	1429.65
1.13	0.22	1429.96
1.14	0.23	1430.29
1.14	0.23	1430.61
1.13	0.23	1430.93
1.13	0.23	1431.24
1.14	0.23	1431.57
1.14	0.23	1431.89
1.14	0.23	1432.22
1.13	0.23	1432.54
1.14	0.23	1432.86
1.14	0.23	1433.19
1.14	0.23	1433.51
1.14	0.23	1433.84
1.13	0.23	1434.16
1.13	0.22	1434.47
1.13	0.23	1434.79
1.13	0.22	1435.10
1.14	0.23	1435.41
1.14	0.23	1435.73
1.14	0.23	1436.05
1.13	0.22	1436.36
1.14	0.23	1436.68
1.13	0.23	1437.00
1.14	0.23	1437.31
1.13	0.23	1437.63
1.14	0.23	1437.96
1.13	0.23	1438.28
1.13	0.23	1438.59
1.13	0.23	1438.92
1.13	0.23	1439.23
1.13	0.23	1439.56
1.13	0.23	1439.87
1.13	0.23	1440.20
1.13	0.22	1440.51
1.13	0.23	1440.82
1.13	0.23	1441.15
1.13	0.23	1441.47
1.13	0.23	1441.80
1.13	0.23	1442.11
1.14	0.23	1442.44
1.13	0.23	1442.75
1.13	0.22	1443.06
1.13	0.23	1443.38
1.13	0.23	1443.70
1.14	0.23	1444.03
1.13	0.23	1444.34
1.13	0.23	1444.66
1.13	0.23	1444.98
1.13	0.23	1445.29
1.14	0.23	1445.62
1.13	0.23	1445.95
1.13	0.22	1446.26
1.13	0.22	1446.57
1.13	0.23	1446.88
1.19	0.24	1447.22
1.15	0.23	1447.54
1.15	0.23	1447.86
1.14	0.23	1448.18
1.14	0.23	1448.50
1.14	0.23	1448.82
1.14	0.23	1449.14
1.15	0.24	1449.47
1.14	0.23	1449.79
1.14	0.23	1450.11
1.14	0.23	1450.43
1.14	0.23	1450.74
1.14	0.22	1451.06
1.14	0.23	1451.38
1.14	0.23	1451.70
1.14	0.22	1452.01
1.14	0.23	1452.33
1.14	0.23	1452.66
1.14	0.23	1452.99
1.13	0.22	1453.30
1.13	0.23	1453.62
1.13	0.23	1453.94
1.13	0.23	1454.26
1.13	0.23	1454.58
1.13	0.22	1454.89
1.13	0.23	1455.21
1.13	0.23	1455.53
1.13	0.23	1455.85
1.13	0.23	1456.17
1.13	0.23	1456.49
1.13	0.22	1456.80
1.13	0.22	1457.11
1.13	0.22	1457.43
1.13	0.23	1457.75
1.13	0.23	1458.07
1.13	0.23	1458.39
1.13	0.22	1458.70
1.13	0.23	1459.02
1.13	0.22	1459.33
1.13	0.22	1459.64
1.13	0.23	1459.96
1.13	0.23	1460.28
1.13	0.23	1460.59
1.13	0.23	1460.91
1.14	0.23	1461.24
1.13	0.23	1461.56
1.13	0.23	1461.88
1.13	0.23	1462.21
1.13	0.23	1462.52
1.13	0.22	1462.83
1.13	0.23	1463.16
1.13	0.23	1463.47
1.13	0.23	1463.80
1.13	0.23	1464.11
1.13	0.23	1464.43
1.13	0.22	1464.74
1.13	0.22	1465.04
1.13	0.23	1465.36
1.13	0.23	1465.68
1.13	0.23	1466.00
1.13	0.23	1466.32
1.13	0.23	1466.63
1.13	0.23	1466.95
1.13	0.23	1467.27
1.13	0.23	1467.59
1.13	0.23	1467.91
1.13	0.23	1468.23
1.13	0.23	1468.55
1.13	0.23	1468.88
1.13	0.23	1469.19
1.13	0.23	1469.51
1.13	0.23	1469.84
1.13	0.23	1470.15
1.13	0.23	1470.47
1.13	0.23	1470.79
1.13	0.23	1471.11
1.13	0.23	1471.43
1.13	0.23	1471.75
1.13	0.23	1472.07
1.13	0.23	1472.39
1.13	0.23	1472.71
1.13	0.23	1473.04
1.13	0.22	1473.35
1.13	0.23	1473.66
1.13	0.23	1473.99
1.13	0.23	1474.30
1.13	0.22	1474.61
1.13	0.23	1474.94
1.13	0.23	1475.25
1.13	0.23	1475.57
1.13	0.22	1475.89
1.13	0.23	1476.21
1.13	0.23	1476.53
1.13	0.22	1476.84
1.13	0.23	1477.17
1.13	0.22	1477.48
1.13	0.23	1477.80
1.13	0.22	1478.11
1.13	0.23	1478.42
1.13	0.22	1478.73
1.13	0.23	1479.06
1.13	0.23	1479.37
1.13	0.23	1479.69
1.13	0.23	1480.01
1.13	0.23	1480.34
1.13	0.23	1480.67
1.13	0.23	1480.98
1.13	0.23	1481.31
1.13	0.23	1481.62
1.13	0.23	1481.94
1.12	0.22	1482.25
1.13	0.22	1482.56
1.13	0.23	1482.89
1.13	0.23	1483.22
1.13	0.23	1483.53
1.13	0.22	1483.84
1.13	0.23	1484.16
1.13	0.23	1484.48
1.13	0.22	1484.79
1.13	0.22	1485.10
1.13	0.22	1485.41
1.13	0.23	1485.73
1.13	0.23	1486.04
1.13	0.23	1486.36
1.13	0.23	1486.68
1.13	0.22	1486.98
1.13	0.23	1487.30
1.13	0.23	1487.61
1.13	0.23	1487.94
1.12	0.22	1488.25
1.12	0.22	1488.55
1.13	0.23	1488.87
1.13	0.23	1489.18
1.12	0.22	1489.49
1.13	0.23	1489.81
1.13	0.23	1490.13
1.13	0.22	1490.44
1.13	0.23	1490.77
1.13	0.23	1491.08
1.13	0.23	1491.40
1.12	0.22	1491.71
1.13	0.23	1492.03
1.13	0.23	1492.36
1.13	0.22	1492.67
1.12	0.22	1492.98
1.13	0.23	1493.30
1.13	0.23	1493.63
1.13	0.23	1493.95
1.13	0.23	1494.26
1.12	0.22	1494.57
1.13	0.22	1494.88
1.13	0.23	1495.20
1.13	0.23	1495.52
1.13	0.23	1495.84
1.13	0.23	1496.17
1.13	0.23	1496.49
1.13	0.23	1496.80
1.13	0.23	1497.12
1.12	0.23	1497.44
1.13	0.23	1497.76
1.13	0.23	1498.08
1.13	0.23	1498.39
1.13	0.23	1498.71
1.13	0.23	1499.04
1.13	0.23	1499.35
1.12	0.22	1499.67
1.12	0.22	1499.98
1.13	0.23	1500.29
1.13	0.23	1500.61
1.12	0.22	1500.92
1.13	0.22	1501.22
1.12	0.22	1501.53
1.12	0.22	1501.84
1.13	0.23	1502.16
1.13	0.23	1502.48
1.12	0.22	1502.79
1.12	0.22	1503.10
1.12	0.22	1503.41
1.13	0.23	1503.73
1.13	0.23	1504.04
1.13	0.23	1504.37
1.12	0.22	1504.68
1.12	0.23	1504.99
1.13	0.23	1505.31
1.13	0.23	1505.63
1.13	0.23	1505.96
1.13	0.23	1506.28
1.12	0.22	1506.59
1.12	0.22	1506.90
1.13	0.23	1507.21
1.12	0.23	1507.53
1.12	0.22	1507.84
1.13	0.23	1508.16
1.13	0.23	1508.48
1.12	0.22	1508.79
1.13	0.23	1509.11
1.13	0.23	1509.44
1.12	0.23	1509.75
1.12	0.23	1510.08
1.12	0.22	1510.39
1.12	0.23	1510.70
1.12	0.22	1511.01
1.13	0.23	1511.34
1.12	0.22	1511.65
1.12	0.23	1511.96
1.12	0.22	1512.27
1.13	0.23	1512.59
1.13	0.23	1512.91
1.13	0.23	1513.23
1.12	0.22	1513.54
1.12	0.23	1513.85
1.12	0.22	1514.16
1.12	0.22	1514.47
1.12	0.23	1514.79
1.12	0.23	1515.11
1.13	0.23	1515.43
1.13	0.23	1515.75
1.12	0.23	1516.08
1.13	0.23	1516.40
1.12	0.22	1516.70
1.12	0.23	1517.02
1.12	0.23	1517.34
1.13	0.23	1517.66
1.12	0.23	1517.98
1.12	0.22	1518.29
1.13	0.23	1518.61
1.12	0.23	1518.93
1.12	0.23	1519.25
1.12	0.23	1519.56
1.12	0.22	1519.88
1.12	0.22	1520.19
1.13	0.23	1520.51
1.11	0.22	1520.81
1.13	0.23	1521.14
1.12	0.22	1521.45
1.13	0.23	1521.77
1.12	0.23	1522.09
1.12	0.23	1522.40
1.12	0.23	1522.72
1.12	0.23	1523.04
1.12	0.23	1523.35
1.12	0.23	1523.67
1.12	0.23	1523.99
1.12	0.22	1524.30
1.12	0.23	1524.61
1.12	0.23	1524.93
1.11	0.22	1525.23
1.12	0.23	1525.55
1.11	0.21	1525.85
1.13	0.23	1526.17
1.12	0.22	1526.48
1.12	0.23	1526.80
1.12	0.22	1527.11
1.12	0.23	1527.43
1.12	0.22	1527.73
1.12	0.22	1528.04
1.12	0.23	1528.36
1.12	0.22	1528.67
1.12	0.22	1528.98
1.13	0.23	1529.31
1.12	0.22	1529.62
1.12	0.23	1529.93
1.13	0.23	1530.26
1.12	0.23	1530.57
1.12	0.22	1530.88
1.12	0.23	1531.21
1.12	0.22	1531.52
1.11	0.21	1531.81
1.13	0.23	1532.14
1.11	0.22	1532.45
1.12	0.23	1532.77
1.11	0.22	1533.08
1.12	0.23	1533.40
1.12	0.23	1533.71
1.12	0.23	1534.04
1.11	0.22	1534.34
1.12	0.23	1534.66
1.12	0.23	1534.98
1.11	0.22	1535.29
1.12	0.22	1535.60
1.11	0.22	1535.91
1.11	0.22	1536.21
1.12	0.23	1536.54
1.12	0.23	1536.86
1.11	0.22	1537.17
1.11	0.22	1537.47
1.11	0.22	1537.78
1.11	0.22	1538.09
1.12	0.23	1538.42
1.11	0.22	1538.73
1.11	0.21	1539.02
1.11	0.22	1539.33
1.11	0.22	1539.64
1.11	0.22	1539.95
1.11	0.22	1540.26
1.12	0.23	1540.58
1.12	0.23	1540.90
1.11	0.22	1541.21
1.11	0.21	1541.51
1.12	0.23	1541.82
1.12	0.23	1542.15
1.11	0.22	1542.46
1.11	0.22	1542.77
1.11	0.22	1543.07
1.11	0.22	1543.38
1.11	0.22	1543.68
1.12	0.23	1544.00
1.11	0.23	1544.32
1.11	0.22	1544.62
1.11	0.23	1544.94
1.11	0.22	1545.25
1.11	0.22	1545.56
1.11	0.22	1545.87
1.12	0.23	1546.18
1.11	0.22	1546.49
1.11	0.23	1546.81
1.12	0.23	1547.13
1.11	0.23	1547.44
1.12	0.23	1547.76
1.11	0.23	1548.08
1.11	0.23	1548.39
1.11	0.22	1548.70
1.11	0.23	1549.02
1.11	0.22	1549.32
1.11	0.23	1549.64
1.11	0.22	1549.95
1.11	0.23	1550.27
1.11	0.22	1550.58
1.11	0.22	1550.90
1.11	0.22	1551.20
1.10	0.22	1551.50
1.11	0.22	1551.81
1.11	0.22	1552.11
1.12	0.23	1552.44
1.12	0.23	1552.76
1.11	0.22	1553.07
1.11	0.22	1553.38
1.12	0.23	1553.70
1.11	0.23	1554.02
1.11	0.22	1554.33
1.11	0.22	1554.64
1.11	0.22	1554.95
1.11	0.22	1555.26
1.11	0.23	1555.58
1.11	0.22	1555.89
1.11	0.23	1556.21
1.11	0.22	1556.51
1.11	0.23	1556.83
1.10	0.22	1557.14
1.11	0.22	1557.44
1.11	0.22	1557.74
1.11	0.23	1558.06
1.11	0.22	1558.36
1.11	0.22	1558.68
1.12	0.23	1559.00
1.10	0.22	1559.30
1.11	0.23	1559.63
1.11	0.22	1559.94
1.11	0.22	1560.25
1.11	0.22	1560.56
1.11	0.22	1560.87
1.10	0.22	1561.17
1.11	0.23	1561.49
1.10	0.22	1561.79
1.11	0.22	1562.10
1.11	0.22	1562.41
1.11	0.22	1562.72
1.11	0.23	1563.04
1.11	0.23	1563.36
1.11	0.23	1563.68
1.11	0.23	1564.00
1.10	0.22	1564.30
1.10	0.22	1564.60
1.10	0.22	1564.91
1.11	0.22	1565.22
1.12	0.23	1565.55
1.10	0.22	1565.85
1.10	0.22	1566.16
1.11	0.23	1566.48
1.11	0.22	1566.79
1.11	0.22	1567.10
1.11	0.22	1567.41
1.10	0.22	1567.72
1.10	0.22	1568.02
1.10	0.22	1568.32
1.10	0.22	1568.63
1.11	0.22	1568.94
1.11	0.22	1569.26
1.10	0.22	1569.56
1.10	0.22	1569.86
1.11	0.23	1570.18
1.10	0.22	1570.49
1.11	0.22	1570.80
1.10	0.22	1571.11
1.11	0.23	1571.43
1.10	0.22	1571.74
1.10	0.22	1572.05
1.10	0.22	1572.35
1.10	0.22	1572.66
1.10	0.22	1572.97
1.10	0.22	1573.28
1.10	0.22	1573.59
1.10	0.22	1573.91
1.10	0.23	1574.22
1.10	0.22	1574.53
1.10	0.22	1574.84
1.11	0.23	1575.16
1.10	0.22	1575.47
1.10	0.22	1575.78
1.11	0.23	1576.10
1.10	0.22	1576.41
