Battery Capacity Checker v1.1
battVolt   current     mAh
3.70	0.00	0.00
3.41	0.69	0.20
3.40	0.68	0.40
3.40	0.68	0.59
3.39	0.68	0.79
3.40	0.68	0.98
3.40	0.68	1.18
3.39	0.68	1.37
3.39	0.68	1.57
3.39	0.68	1.76
3.39	0.68	1.96
3.40	0.68	2.16
3.40	0.68	2.36
3.39	0.68	2.55
3.39	0.68	2.75
3.40	0.68	2.94
3.39	0.68	3.14
3.39	0.68	3.33
3.39	0.68	3.53
3.40	0.69	3.73
3.39	0.68	3.92
3.39	0.68	4.12
3.39	0.68	4.31
3.40	0.68	4.51
3.39	0.68	4.70
3.39	0.68	4.90
3.40	0.68	5.10
3.39	0.68	5.29
3.39	0.68	5.49
3.40	0.69	5.68
3.39	0.68	5.88
3.39	0.68	6.08
3.40	0.69	6.27
3.39	0.68	6.47
3.39	0.68	6.66
3.39	0.68	6.86
3.39	0.68	7.06
3.39	0.68	7.25
3.39	0.68	7.45
3.39	0.67	7.64
3.40	0.68	7.84
3.38	0.67	8.03
3.39	0.68	8.23
3.39	0.68	8.42
3.39	0.68	8.62
3.39	0.68	8.82
3.39	0.68	9.01
3.39	0.68	9.21
3.39	0.68	9.40
3.39	0.68	9.60
3.38	0.67	9.79
3.39	0.68	9.99
3.39	0.68	10.18
3.38	0.68	10.38
3.39	0.69	10.58
3.39	0.68	10.77
3.39	0.68	10.97
3.39	0.68	11.17
3.39	0.68	11.36
3.39	0.68	11.56
3.39	0.68	11.76
3.39	0.68	11.95
3.39	0.68	12.15
3.39	0.68	12.34
3.39	0.67	12.54
3.39	0.68	12.73
3.39	0.69	12.93
3.39	0.68	13.13
3.38	0.68	13.32
3.38	0.68	13.52
3.39	0.67	13.71
3.39	0.68	13.91
3.39	0.68	14.10
3.39	0.67	14.30
3.39	0.68	14.49
3.39	0.68	14.69
3.39	0.68	14.89
3.39	0.69	15.09
3.38	0.68	15.28
3.39	0.68	15.48
3.39	0.68	15.67
3.39	0.68	15.87
3.39	0.68	16.07
3.39	0.68	16.26
3.39	0.68	16.46
3.38	0.68	16.66
3.39	0.68	16.85
3.39	0.68	17.05
3.39	0.69	17.25
3.38	0.68	17.44
3.39	0.68	17.64
3.38	0.68	17.84
3.39	0.69	18.03
3.39	0.69	18.23
3.38	0.68	18.43
3.38	0.68	18.62
3.39	0.68	18.82
3.39	0.68	19.01
3.39	0.68	19.21
3.38	0.68	19.41
3.39	0.69	19.61
3.39	0.68	19.80
3.38	0.67	20.00
3.38	0.68	20.19
3.38	0.68	20.39
3.39	0.68	20.59
3.39	0.68	20.78
3.38	0.68	20.98
3.38	0.68	21.17
3.39	0.68	21.37
3.39	0.68	21.57
3.39	0.68	21.76
3.37	0.68	21.96
3.38	0.68	22.15
3.38	0.68	22.35
3.39	0.68	22.55
3.38	0.68	22.74
3.38	0.68	22.94
3.38	0.68	23.13
3.38	0.68	23.33
3.39	0.68	23.53
3.38	0.68	23.72
3.38	0.68	23.92
3.38	0.68	24.11
3.38	0.68	24.31
3.38	0.68	24.51
3.39	0.69	24.70
3.39	0.67	24.90
3.38	0.68	25.09
3.38	0.68	25.29
3.38	0.68	25.48
3.38	0.68	25.68
3.38	0.68	25.88
3.39	0.68	26.07
3.39	0.69	26.27
3.39	0.68	26.47
3.39	0.68	26.66
3.38	0.68	26.86
3.38	0.68	27.05
3.38	0.68	27.25
3.38	0.68	27.44
3.37	0.68	27.64
3.39	0.69	27.84
3.38	0.68	28.03
3.37	0.68	28.23
3.39	0.68	28.43
3.39	0.68	28.62
3.38	0.68	28.82
3.38	0.68	29.02
3.38	0.68	29.21
3.37	0.67	29.41
3.38	0.68	29.60
3.37	0.68	29.80
3.38	0.68	29.99
3.38	0.68	30.19
3.39	0.68	30.39
3.38	0.68	30.58
3.38	0.68	30.78
3.38	0.68	30.98
3.37	0.68	31.17
3.37	0.67	31.36
3.38	0.68	31.56
3.39	0.69	31.76
3.39	0.69	31.96
3.38	0.68	32.15
3.38	0.68	32.35
3.38	0.67	32.54
3.38	0.68	32.74
3.38	0.68	32.93
3.38	0.67	33.13
3.38	0.68	33.32
3.38	0.68	33.52
3.38	0.68	33.72
3.38	0.67	33.91
3.37	0.67	34.10
3.38	0.68	34.30
3.37	0.68	34.49
3.37	0.68	34.69
3.38	0.68	34.88
3.38	0.68	35.08
3.39	0.68	35.28
3.37	0.68	35.47
3.37	0.67	35.66
3.38	0.68	35.86
3.37	0.68	36.06
3.38	0.68	36.25
3.39	0.68	36.45
3.37	0.68	36.64
3.37	0.68	36.84
3.37	0.68	37.04
3.37	0.68	37.23
3.38	0.68	37.43
3.37	0.67	37.62
3.38	0.68	37.82
3.38	0.68	38.01
3.38	0.68	38.21
3.38	0.68	38.40
3.38	0.67	38.60
3.38	0.68	38.79
3.37	0.68	38.99
3.37	0.67	39.18
3.38	0.68	39.38
3.39	0.69	39.58
3.38	0.68	39.78
3.37	0.68	39.97
3.37	0.68	40.17
3.37	0.67	40.36
3.37	0.68	40.55
3.38	0.68	40.75
3.38	0.68	40.95
3.37	0.68	41.14
3.37	0.68	41.34
3.37	0.67	41.53
3.37	0.67	41.72
3.37	0.68	41.92
3.38	0.68	42.12
3.37	0.67	42.31
3.37	0.67	42.50
3.37	0.68	42.70
3.37	0.67	42.89
3.38	0.68	43.08
3.37	0.68	43.28
3.37	0.68	43.48
3.38	0.67	43.67
3.37	0.68	43.86
3.37	0.68	44.06
3.37	0.68	44.25
3.37	0.67	44.45
3.37	0.68	44.64
3.37	0.67	44.84
3.37	0.68	45.03
3.37	0.67	45.23
3.37	0.67	45.42
3.37	0.67	45.61
3.37	0.68	45.81
3.38	0.68	46.00
3.37	0.68	46.20
3.37	0.67	46.39
3.37	0.68	46.59
3.36	0.68	46.78
3.37	0.68	46.98
3.37	0.68	47.17
3.36	0.68	47.37
3.38	0.68	47.56
3.37	0.68	47.76
3.38	0.67	47.95
3.37	0.67	48.15
3.38	0.68	48.34
3.36	0.68	48.54
3.37	0.68	48.73
3.37	0.68	48.93
3.36	0.67	49.12
3.37	0.68	49.32
3.38	0.68	49.51
3.37	0.68	49.71
3.38	0.68	49.90
3.37	0.68	50.10
3.36	0.67	50.29
3.36	0.68	50.49
3.36	0.67	50.68
3.37	0.68	50.88
3.36	0.68	51.07
3.37	0.68	51.27
3.38	0.69	51.47
3.37	0.67	51.66
3.37	0.68	51.86
3.36	0.68	52.05
3.38	0.69	52.25
3.36	0.68	52.44
3.36	0.68	52.64
3.36	0.68	52.83
3.37	0.68	53.03
3.37	0.68	53.23
3.37	0.68	53.42
3.36	0.68	53.62
3.37	0.68	53.81
3.36	0.68	54.00
3.39	0.68	54.20
3.36	0.68	54.40
3.37	0.68	54.59
3.37	0.68	54.79
3.38	0.68	54.99
3.38	0.69	55.19
3.36	0.68	55.38
3.36	0.68	55.58
3.36	0.68	55.77
3.37	0.68	55.97
3.36	0.68	56.16
3.37	0.68	56.36
3.37	0.67	56.55
3.36	0.68	56.75
3.37	0.68	56.94
3.36	0.68	57.14
3.38	0.69	57.34
3.36	0.68	57.53
3.37	0.68	57.73
3.37	0.68	57.92
3.36	0.68	58.12
3.36	0.68	58.31
3.37	0.68	58.51
3.36	0.68	58.71
3.37	0.68	58.90
3.36	0.68	59.10
3.36	0.68	59.29
3.36	0.68	59.49
3.37	0.68	59.68
3.37	0.68	59.88
3.36	0.68	60.08
3.36	0.68	60.27
3.36	0.68	60.47
3.36	0.67	60.66
3.37	0.68	60.85
3.36	0.68	61.05
3.36	0.68	61.25
3.36	0.67	61.44
3.38	0.69	61.64
3.36	0.67	61.83
3.37	0.68	62.03
3.36	0.67	62.22
3.37	0.68	62.42
3.37	0.68	62.62
3.37	0.68	62.81
3.35	0.67	63.01
3.36	0.67	63.20
3.36	0.68	63.40
3.36	0.68	63.59
3.35	0.68	63.79
3.33	0.67	63.98
3.35	0.68	64.18
3.32	0.66	64.37
3.33	0.67	64.56
3.33	0.67	64.75
3.33	0.66	64.94
3.33	0.67	65.14
3.33	0.67	65.33
3.34	0.68	65.52
3.33	0.67	65.72
3.34	0.67	65.91
3.34	0.67	66.10
3.33	0.67	66.30
3.33	0.67	66.49
3.33	0.67	66.68
3.34	0.66	66.87
3.33	0.67	67.06
3.34	0.68	67.26
3.33	0.67	67.45
3.34	0.67	67.65
3.34	0.67	67.84
3.34	0.67	68.03
3.33	0.66	68.22
3.34	0.67	68.42
3.35	0.68	68.61
3.35	0.67	68.80
3.35	0.67	69.00
3.34	0.67	69.19
3.36	0.68	69.39
3.35	0.67	69.58
3.35	0.68	69.78
3.34	0.67	69.97
3.34	0.68	70.16
3.35	0.67	70.36
3.35	0.67	70.55
3.34	0.67	70.74
3.34	0.67	70.93
3.34	0.67	71.13
3.35	0.68	71.32
3.35	0.68	71.52
3.35	0.68	71.72
3.34	0.67	71.91
3.34	0.68	72.10
3.35	0.68	72.30
3.35	0.68	72.49
3.34	0.67	72.69
3.35	0.68	72.88
3.34	0.67	73.07
3.34	0.68	73.27
3.34	0.67	73.46
3.34	0.67	73.66
3.34	0.68	73.85
3.34	0.67	74.04
3.35	0.67	74.24
3.35	0.68	74.43
3.35	0.68	74.63
3.35	0.68	74.82
3.33	0.66	75.02
3.35	0.68	75.21
3.34	0.67	75.40
3.35	0.68	75.60
3.35	0.68	75.80
3.34	0.67	75.99
3.34	0.67	76.18
3.34	0.67	76.38
3.34	0.67	76.57
3.34	0.67	76.76
3.35	0.68	76.96
3.35	0.67	77.15
3.34	0.67	77.34
3.34	0.67	77.54
3.34	0.67	77.73
3.34	0.68	77.93
3.33	0.66	78.12
3.34	0.68	78.31
3.36	0.68	78.51
3.34	0.68	78.70
3.34	0.68	78.90
3.35	0.68	79.09
3.33	0.67	79.29
3.33	0.66	79.47
3.35	0.67	79.67
3.34	0.66	79.86
3.34	0.67	80.05
3.34	0.68	80.25
3.34	0.67	80.44
3.34	0.67	80.63
3.34	0.67	80.83
3.34	0.67	81.02
3.34	0.67	81.22
3.34	0.68	81.41
3.34	0.68	81.61
3.34	0.68	81.80
3.34	0.68	82.00
3.34	0.67	82.19
3.34	0.67	82.38
3.33	0.67	82.58
3.34	0.68	82.77
3.34	0.68	82.97
3.34	0.68	83.16
3.34	0.68	83.36
3.33	0.67	83.55
3.34	0.68	83.75
3.33	0.66	83.94
3.33	0.67	84.13
3.35	0.68	84.33
3.34	0.67	84.52
3.33	0.67	84.71
3.34	0.68	84.91
3.34	0.68	85.10
3.34	0.68	85.30
3.34	0.66	85.49
3.33	0.67	85.68
3.34	0.68	85.88
3.34	0.68	86.07
3.34	0.67	86.26
3.34	0.67	86.46
3.33	0.67	86.65
3.33	0.67	86.84
3.34	0.68	87.04
3.34	0.68	87.23
3.34	0.67	87.43
3.33	0.67	87.62
3.34	0.67	87.81
3.34	0.67	88.01
3.34	0.67	88.20
3.34	0.68	88.39
3.33	0.68	88.59
3.33	0.67	88.78
3.34	0.68	88.98
3.34	0.68	89.17
3.33	0.67	89.36
3.33	0.67	89.56
3.33	0.67	89.75
3.33	0.67	89.94
3.34	0.68	90.14
3.34	0.68	90.34
3.34	0.68	90.53
3.33	0.67	90.72
3.34	0.68	90.92
3.33	0.67	91.11
3.34	0.68	91.31
3.33	0.67	91.50
3.33	0.67	91.69
3.35	0.68	91.89
3.34	0.67	92.08
3.33	0.66	92.27
3.33	0.67	92.46
3.33	0.66	92.65
3.33	0.67	92.85
3.33	0.67	93.04
3.34	0.68	93.24
3.34	0.68	93.43
3.34	0.68	93.63
3.33	0.67	93.82
3.33	0.68	94.01
3.33	0.66	94.21
3.33	0.68	94.40
3.33	0.67	94.59
3.33	0.68	94.79
3.33	0.67	94.98
3.33	0.67	95.18
3.33	0.68	95.37
3.34	0.67	95.56
3.34	0.68	95.76
3.33	0.67	95.95
3.33	0.66	96.14
3.33	0.67	96.34
3.33	0.66	96.53
3.33	0.67	96.72
3.33	0.67	96.91
3.34	0.68	97.11
3.33	0.67	97.30
3.33	0.67	97.50
3.33	0.67	97.69
3.34	0.68	97.89
3.34	0.68	98.08
3.34	0.67	98.28
3.33	0.67	98.47
3.33	0.67	98.66
3.32	0.67	98.85
3.33	0.67	99.05
3.33	0.67	99.24
3.33	0.66	99.43
3.34	0.68	99.63
3.34	0.67	99.82
3.33	0.66	100.01
3.33	0.67	100.20
3.34	0.67	100.40
3.33	0.67	100.59
3.33	0.67	100.78
3.33	0.67	100.98
3.34	0.67	101.17
3.33	0.67	101.36
3.32	0.67	101.56
3.33	0.68	101.75
3.32	0.66	101.94
3.32	0.67	102.14
3.33	0.66	102.33
3.32	0.67	102.52
3.33	0.68	102.72
3.33	0.68	102.91
3.33	0.67	103.10
3.33	0.67	103.30
3.33	0.66	103.49
3.33	0.67	103.68
3.33	0.67	103.88
3.34	0.68	104.07
3.33	0.68	104.27
3.33	0.67	104.46
3.32	0.67	104.65
3.32	0.67	104.85
3.32	0.67	105.04
3.32	0.67	105.23
3.32	0.67	105.43
3.32	0.67	105.62
3.32	0.66	105.81
3.32	0.67	106.00
3.33	0.68	106.20
3.33	0.67	106.39
3.32	0.67	106.58
3.34	0.68	106.78
3.34	0.68	106.98
3.33	0.67	107.17
3.33	0.67	107.36
3.34	0.68	107.56
3.32	0.67	107.75
3.32	0.67	107.94
3.32	0.66	108.14
3.33	0.68	108.33
3.32	0.67	108.52
3.32	0.67	108.72
3.32	0.67	108.91
3.32	0.67	109.10
3.32	0.67	109.30
3.32	0.66	109.49
3.32	0.67	109.68
3.33	0.68	109.88
3.33	0.67	110.07
3.33	0.67	110.26
3.33	0.68	110.46
3.33	0.67	110.65
3.33	0.67	110.85
3.33	0.66	111.04
3.33	0.68	111.23
3.32	0.67	111.43
3.32	0.67	111.62
3.32	0.67	111.81
3.32	0.67	112.01
3.32	0.67	112.20
3.33	0.68	112.40
3.32	0.67	112.59
3.32	0.66	112.78
3.32	0.67	112.97
3.32	0.67	113.17
3.32	0.66	113.36
3.32	0.67	113.55
3.33	0.68	113.75
3.33	0.67	113.94
3.32	0.67	114.13
3.33	0.67	114.33
3.32	0.66	114.52
3.32	0.67	114.71
3.33	0.68	114.91
3.32	0.66	115.10
3.32	0.66	115.29
3.32	0.67	115.48
3.32	0.68	115.68
3.32	0.67	115.87
3.31	0.67	116.07
3.32	0.67	116.26
3.32	0.67	116.45
3.31	0.67	116.64
3.32	0.68	116.84
3.32	0.67	117.03
3.32	0.67	117.23
3.32	0.68	117.42
3.32	0.67	117.62
3.33	0.68	117.81
3.32	0.67	118.00
3.31	0.67	118.20
3.32	0.67	118.39
3.32	0.67	118.58
3.31	0.65	118.77
3.32	0.67	118.96
3.31	0.67	119.16
3.33	0.68	119.35
3.32	0.67	119.55
3.32	0.68	119.74
3.32	0.67	119.94
3.32	0.67	120.13
3.32	0.67	120.32
3.32	0.66	120.51
3.32	0.67	120.71
3.32	0.67	120.90
3.32	0.68	121.10
3.32	0.67	121.29
3.32	0.68	121.49
3.32	0.68	121.68
3.32	0.67	121.88
3.31	0.66	122.07
3.32	0.67	122.26
3.32	0.67	122.45
3.32	0.67	122.65
3.32	0.67	122.84
3.31	0.67	123.03
3.32	0.67	123.23
3.31	0.66	123.42
3.32	0.67	123.61
3.32	0.67	123.80
3.32	0.67	124.00
3.32	0.67	124.19
3.32	0.67	124.38
3.33	0.67	124.58
3.33	0.68	124.77
3.32	0.66	124.96
3.33	0.68	125.16
3.32	0.66	125.35
3.32	0.66	125.54
3.32	0.67	125.73
3.31	0.67	125.93
3.32	0.67	126.12
3.32	0.67	126.31
3.32	0.68	126.51
3.31	0.67	126.70
3.31	0.67	126.89
3.32	0.67	127.09
3.32	0.67	127.28
3.31	0.67	127.48
3.31	0.67	127.67
3.32	0.68	127.86
3.32	0.68	128.06
3.32	0.67	128.25
3.31	0.67	128.44
3.32	0.67	128.64
3.32	0.67	128.83
3.32	0.67	129.02
3.32	0.67	129.22
3.32	0.67	129.41
3.32	0.67	129.61
3.33	0.67	129.80
3.32	0.68	129.99
3.33	0.68	130.19
3.33	0.68	130.38
3.32	0.66	130.57
3.32	0.67	130.77
3.32	0.68	130.96
3.32	0.67	131.16
3.32	0.66	131.35
3.32	0.67	131.54
3.32	0.67	131.73
3.32	0.66	131.92
3.33	0.68	132.12
3.32	0.67	132.31
3.32	0.67	132.50
3.32	0.67	132.70
3.32	0.67	132.89
3.32	0.67	133.09
3.31	0.66	133.28
3.31	0.67	133.47
3.31	0.67	133.66
3.31	0.66	133.85
3.31	0.67	134.05
3.31	0.67	134.24
3.32	0.68	134.44
3.31	0.67	134.63
3.32	0.68	134.82
3.31	0.67	135.02
3.31	0.66	135.21
3.31	0.67	135.40
3.31	0.67	135.60
3.31	0.67	135.79
3.31	0.67	135.98
3.32	0.68	136.18
3.31	0.66	136.37
3.32	0.67	136.56
3.32	0.68	136.76
3.31	0.66	136.95
3.31	0.67	137.14
3.32	0.68	137.34
3.31	0.66	137.53
3.31	0.67	137.72
3.32	0.67	137.91
3.32	0.67	138.11
3.31	0.67	138.30
3.31	0.67	138.49
3.31	0.66	138.68
3.31	0.66	138.87
3.31	0.67	139.07
3.32	0.66	139.26
3.31	0.67	139.45
3.31	0.67	139.64
3.31	0.66	139.83
3.31	0.67	140.03
3.31	0.67	140.22
3.31	0.67	140.41
3.31	0.66	140.61
3.31	0.67	140.80
3.31	0.66	140.99
3.31	0.67	141.18
3.31	0.67	141.38
3.31	0.66	141.57
3.31	0.67	141.76
3.32	0.67	141.95
3.31	0.67	142.15
3.32	0.67	142.34
3.31	0.67	142.53
3.31	0.67	142.73
3.31	0.67	142.92
3.31	0.67	143.11
3.31	0.67	143.30
3.31	0.67	143.50
3.31	0.66	143.69
3.31	0.67	143.88
3.31	0.66	144.07
3.32	0.66	144.26
3.31	0.67	144.46
3.32	0.67	144.65
3.31	0.67	144.85
3.31	0.67	145.04
3.31	0.67	145.23
3.31	0.67	145.42
3.31	0.67	145.62
3.31	0.67	145.81
3.31	0.67	146.00
3.30	0.66	146.19
3.31	0.67	146.39
3.31	0.67	146.58
3.32	0.67	146.77
3.31	0.66	146.96
3.31	0.67	147.16
3.31	0.67	147.35
3.31	0.67	147.54
3.31	0.67	147.74
3.31	0.67	147.93
3.31	0.67	148.12
3.30	0.67	148.31
3.31	0.67	148.51
3.31	0.67	148.70
3.31	0.67	148.89
3.31	0.68	149.09
3.31	0.66	149.28
3.31	0.67	149.47
3.31	0.67	149.66
3.31	0.67	149.86
3.31	0.67	150.05
3.31	0.67	150.24
3.31	0.67	150.44
3.31	0.67	150.63
3.31	0.67	150.82
3.31	0.67	151.01
3.31	0.67	151.21
3.31	0.67	151.40
3.31	0.67	151.59
3.31	0.67	151.79
3.31	0.67	151.98
3.31	0.67	152.18
3.31	0.68	152.37
3.31	0.67	152.56
3.31	0.67	152.76
3.31	0.67	152.95
3.31	0.67	153.14
3.31	0.66	153.33
3.31	0.66	153.52
3.31	0.67	153.72
3.31	0.67	153.91
3.31	0.66	154.10
3.31	0.67	154.29
3.31	0.66	154.48
3.31	0.68	154.68
3.31	0.67	154.87
3.31	0.67	155.06
3.30	0.66	155.26
3.31	0.68	155.45
3.31	0.68	155.65
3.31	0.67	155.84
3.31	0.67	156.03
3.30	0.66	156.22
3.31	0.67	156.42
3.31	0.68	156.61
3.31	0.67	156.81
3.31	0.68	157.00
3.30	0.66	157.19
3.31	0.67	157.39
3.30	0.66	157.58
3.31	0.67	157.77
3.31	0.67	157.96
3.30	0.67	158.16
3.31	0.66	158.35
3.31	0.67	158.54
3.30	0.67	158.73
3.30	0.66	158.92
3.30	0.67	159.12
3.30	0.66	159.31
3.31	0.67	159.50
3.31	0.67	159.69
3.30	0.67	159.89
3.31	0.67	160.08
3.30	0.67	160.27
3.31	0.67	160.46
3.30	0.66	160.66
3.30	0.66	160.85
3.31	0.67	161.04
3.30	0.67	161.23
3.31	0.66	161.42
3.31	0.68	161.62
3.31	0.67	161.81
3.31	0.67	162.00
3.31	0.68	162.20
3.30	0.66	162.39
3.31	0.67	162.59
3.30	0.67	162.78
3.28	0.66	162.97
3.30	0.68	163.16
3.30	0.66	163.35
3.31	0.68	163.55
3.31	0.68	163.74
3.30	0.67	163.94
3.31	0.67	164.13
3.31	0.67	164.32
3.30	0.66	164.51
3.30	0.67	164.71
3.30	0.67	164.90
3.30	0.67	165.09
3.30	0.67	165.28
3.30	0.67	165.48
3.30	0.67	165.67
3.30	0.67	165.86
3.30	0.66	166.05
3.31	0.67	166.24
3.31	0.67	166.44
3.31	0.67	166.63
3.31	0.67	166.82
3.31	0.67	167.02
3.31	0.67	167.21
3.30	0.66	167.40
3.30	0.67	167.59
3.30	0.66	167.78
3.30	0.67	167.97
3.30	0.67	168.17
3.30	0.67	168.36
3.30	0.66	168.55
3.31	0.67	168.74
3.31	0.66	168.93
3.30	0.66	169.12
3.31	0.67	169.32
3.31	0.67	169.51
3.31	0.67	169.70
3.30	0.66	169.90
3.30	0.66	170.09
3.30	0.66	170.28
3.30	0.66	170.47
3.31	0.67	170.66
3.31	0.67	170.85
3.31	0.66	171.05
3.31	0.67	171.24
3.31	0.66	171.43
3.31	0.67	171.62
3.31	0.67	171.81
3.30	0.66	172.01
3.31	0.68	172.20
3.30	0.66	172.39
3.30	0.66	172.58
3.30	0.66	172.77
3.30	0.66	172.96
3.30	0.67	173.16
3.30	0.67	173.35
3.30	0.66	173.54
3.30	0.66	173.73
3.30	0.67	173.93
3.30	0.66	174.12
3.30	0.65	174.31
3.31	0.68	174.50
3.30	0.67	174.69
3.31	0.68	174.89
3.30	0.67	175.08
3.30	0.67	175.27
3.30	0.67	175.47
3.31	0.67	175.66
3.30	0.67	175.85
3.30	0.67	176.05
3.30	0.66	176.24
3.31	0.68	176.43
3.30	0.66	176.62
3.30	0.67	176.81
3.30	0.66	177.01
3.30	0.67	177.20
3.29	0.66	177.39
3.30	0.67	177.58
3.30	0.66	177.77
3.30	0.67	177.97
3.29	0.66	178.16
3.30	0.66	178.35
3.30	0.66	178.54
3.29	0.66	178.73
3.30	0.66	178.92
3.29	0.66	179.11
3.30	0.67	179.30
3.29	0.66	179.49
3.29	0.66	179.68
3.30	0.67	179.88
3.30	0.67	180.07
3.29	0.66	180.26
3.29	0.66	180.45
3.30	0.66	180.64
3.30	0.66	180.83
3.30	0.67	181.03
3.30	0.66	181.22
3.30	0.67	181.41
3.30	0.66	181.60
3.31	0.67	181.79
3.30	0.66	181.99
3.31	0.67	182.18
3.30	0.67	182.37
3.30	0.67	182.56
3.30	0.66	182.76
3.29	0.66	182.95
3.29	0.66	183.14
3.29	0.66	183.33
3.29	0.66	183.52
3.29	0.66	183.71
3.30	0.67	183.90
3.29	0.66	184.09
3.29	0.66	184.28
3.29	0.66	184.48
3.30	0.66	184.67
3.29	0.66	184.86
3.29	0.66	185.05
3.31	0.67	185.24
3.30	0.67	185.44
3.29	0.66	185.63
3.30	0.66	185.82
3.30	0.66	186.01
3.30	0.67	186.20
3.30	0.66	186.39
3.29	0.66	186.58
3.30	0.67	186.77
3.30	0.67	186.97
3.29	0.66	187.16
3.30	0.67	187.35
3.29	0.66	187.54
3.31	0.67	187.74
3.29	0.66	187.93
3.30	0.67	188.12
3.30	0.66	188.31
3.30	0.67	188.50
3.30	0.67	188.70
3.30	0.66	188.89
3.30	0.67	189.08
3.30	0.67	189.27
3.30	0.67	189.46
3.30	0.66	189.66
3.30	0.67	189.85
3.29	0.66	190.04
3.30	0.66	190.23
3.30	0.66	190.42
3.29	0.66	190.61
3.29	0.67	190.80
3.30	0.67	191.00
3.30	0.67	191.19
3.29	0.66	191.38
3.29	0.66	191.57
3.30	0.67	191.76
3.29	0.66	191.96
3.29	0.66	192.15
3.30	0.67	192.34
3.29	0.67	192.53
3.29	0.66	192.72
3.30	0.67	192.92
3.29	0.67	193.11
3.29	0.67	193.30
3.29	0.66	193.49
3.29	0.66	193.68
3.29	0.66	193.87
3.30	0.67	194.07
3.30	0.66	194.26
3.30	0.66	194.45
3.30	0.66	194.64
3.30	0.66	194.83
3.30	0.66	195.02
3.29	0.66	195.21
3.30	0.67	195.41
3.30	0.67	195.60
3.29	0.66	195.79
3.29	0.67	195.98
3.29	0.67	196.18
3.29	0.66	196.37
3.31	0.68	196.56
3.30	0.66	196.75
3.29	0.66	196.94
3.29	0.66	197.14
3.29	0.66	197.33
3.30	0.67	197.52
3.30	0.67	197.71
3.29	0.66	197.90
3.29	0.66	198.09
3.29	0.66	198.29
3.30	0.66	198.48
3.29	0.66	198.67
3.29	0.66	198.86
3.30	0.67	199.05
3.30	0.67	199.24
3.29	0.66	199.43
3.30	0.66	199.62
3.30	0.67	199.82
3.29	0.67	200.01
3.29	0.67	200.20
3.29	0.67	200.40
3.29	0.66	200.59
3.29	0.67	200.78
3.29	0.67	200.97
3.28	0.66	201.16
3.28	0.66	201.35
3.28	0.66	201.54
3.29	0.66	201.73
3.28	0.66	201.92
3.28	0.66	202.12
3.29	0.66	202.31
3.29	0.66	202.50
3.29	0.66	202.69
3.29	0.66	202.88
3.29	0.66	203.07
3.29	0.66	203.26
3.29	0.66	203.45
3.29	0.67	203.64
3.28	0.66	203.83
3.29	0.67	204.03
3.29	0.67	204.22
3.28	0.65	204.41
3.28	0.66	204.60
3.30	0.67	204.79
3.30	0.67	204.98
3.29	0.67	205.18
3.28	0.66	205.37
3.28	0.66	205.56
3.28	0.66	205.75
3.29	0.66	205.94
3.29	0.66	206.13
3.29	0.66	206.32
3.29	0.67	206.52
3.29	0.66	206.71
3.29	0.66	206.90
3.30	0.67	207.09
3.29	0.66	207.28
3.29	0.66	207.47
3.29	0.66	207.67
3.30	0.67	207.86
3.30	0.67	208.05
3.29	0.67	208.24
3.29	0.66	208.44
3.28	0.66	208.63
3.28	0.66	208.82
3.29	0.66	209.01
3.28	0.66	209.20
3.29	0.66	209.39
3.30	0.67	209.59
3.29	0.66	209.78
3.29	0.66	209.97
3.29	0.67	210.16
3.28	0.66	210.35
3.28	0.66	210.54
3.28	0.66	210.73
3.29	0.66	210.92
3.28	0.65	211.11
3.29	0.67	211.30
3.29	0.66	211.50
3.29	0.66	211.69
3.29	0.67	211.88
3.28	0.65	212.07
3.30	0.67	212.26
3.29	0.66	212.45
3.29	0.66	212.64
3.29	0.66	212.83
3.29	0.67	213.03
3.29	0.66	213.22
3.29	0.67	213.41
3.29	0.67	213.60
3.28	0.66	213.79
3.27	0.67	213.98
3.28	0.67	214.18
3.27	0.66	214.37
3.28	0.66	214.56
3.28	0.66	214.75
3.28	0.67	214.94
3.27	0.66	215.13
3.28	0.66	215.32
3.28	0.66	215.52
3.28	0.66	215.71
3.29	0.67	215.90
3.28	0.67	216.09
3.28	0.66	216.28
3.28	0.67	216.47
3.28	0.66	216.67
3.28	0.67	216.86
3.28	0.65	217.05
3.28	0.66	217.24
3.28	0.66	217.43
3.28	0.66	217.62
3.28	0.66	217.81
3.28	0.66	218.00
3.28	0.66	218.19
3.27	0.66	218.39
3.28	0.66	218.58
3.28	0.67	218.77
3.28	0.66	218.96
3.28	0.66	219.15
3.28	0.67	219.34
3.28	0.66	219.53
3.28	0.67	219.73
3.27	0.67	219.92
3.26	0.65	220.11
3.26	0.66	220.30
3.27	0.66	220.49
3.26	0.65	220.68
3.26	0.66	220.87
3.28	0.67	221.06
3.26	0.65	221.25
3.27	0.66	221.44
3.26	0.66	221.63
3.27	0.66	221.82
3.26	0.66	222.01
3.27	0.67	222.20
3.27	0.66	222.39
3.26	0.65	222.58
3.26	0.66	222.77
3.27	0.66	222.96
3.26	0.65	223.15
3.26	0.65	223.34
3.26	0.66	223.53
3.27	0.67	223.72
3.27	0.67	223.91
3.26	0.65	224.10
3.27	0.66	224.29
3.27	0.66	224.48
3.27	0.66	224.67
3.26	0.66	224.86
3.27	0.66	225.05
3.26	0.65	225.24
3.27	0.66	225.43
3.26	0.66	225.62
3.27	0.65	225.81
3.27	0.65	226.00
3.26	0.66	226.19
3.26	0.65	226.37
3.27	0.66	226.57
3.27	0.66	226.76
3.27	0.66	226.95
3.27	0.67	227.14
3.27	0.66	227.33
3.27	0.66	227.52
3.27	0.65	227.71
3.27	0.67	227.90
3.26	0.66	228.09
3.26	0.65	228.28
3.27	0.66	228.47
3.26	0.66	228.66
3.27	0.67	228.86
3.26	0.66	229.05
3.26	0.66	229.24
3.26	0.65	229.42
3.26	0.66	229.61
3.27	0.66	229.80
3.26	0.66	229.99
3.26	0.66	230.18
3.26	0.66	230.37
3.26	0.66	230.57
3.26	0.66	230.76
3.26	0.66	230.95
3.26	0.66	231.14
3.26	0.66	231.33
3.27	0.66	231.52
3.26	0.65	231.71
3.26	0.66	231.90
3.26	0.65	232.08
3.27	0.66	232.27
3.27	0.65	232.46
3.27	0.66	232.65
3.27	0.66	232.84
3.27	0.66	233.03
3.27	0.66	233.22
3.27	0.67	233.42
3.27	0.66	233.61
3.27	0.66	233.80
3.28	0.67	233.99
3.27	0.66	234.18
3.27	0.65	234.37
3.27	0.66	234.56
3.27	0.66	234.75
3.27	0.66	234.94
3.26	0.66	235.13
3.27	0.66	235.32
3.27	0.66	235.51
3.26	0.65	235.70
3.26	0.65	235.89
3.26	0.66	236.08
3.26	0.66	236.27
3.27	0.66	236.46
3.26	0.66	236.65
3.26	0.66	236.84
3.26	0.66	237.03
3.26	0.65	237.21
3.27	0.66	237.41
3.26	0.66	237.60
3.26	0.66	237.79
3.27	0.66	237.98
3.26	0.66	238.17
3.28	0.67	238.36
3.26	0.65	238.55
3.27	0.67	238.74
3.26	0.66	238.93
3.27	0.65	239.12
3.26	0.65	239.31
3.26	0.65	239.49
3.26	0.65	239.68
3.26	0.66	239.87
3.26	0.66	240.06
3.26	0.66	240.25
3.26	0.66	240.44
3.27	0.66	240.64
3.26	0.66	240.83
3.26	0.65	241.01
3.26	0.65	241.20
3.26	0.65	241.39
3.26	0.65	241.58
3.26	0.66	241.77
3.26	0.66	241.96
3.27	0.66	242.15
3.26	0.66	242.34
3.27	0.67	242.53
3.26	0.65	242.72
3.26	0.66	242.91
3.26	0.65	243.10
3.27	0.66	243.29
3.27	0.66	243.48
3.26	0.66	243.67
3.26	0.65	243.86
3.26	0.66	244.05
3.27	0.66	244.24
3.26	0.65	244.43
3.26	0.66	244.62
3.27	0.66	244.81
3.27	0.67	245.00
3.27	0.66	245.19
3.26	0.66	245.38
3.26	0.65	245.57
3.26	0.65	245.76
3.26	0.65	245.95
3.26	0.65	246.13
3.26	0.66	246.32
3.26	0.66	246.51
3.26	0.65	246.70
3.26	0.66	246.89
3.27	0.66	247.08
3.26	0.66	247.27
3.26	0.66	247.46
3.26	0.65	247.65
3.27	0.67	247.84
3.26	0.66	248.03
3.26	0.66	248.22
3.27	0.66	248.41
3.26	0.65	248.60
3.27	0.66	248.79
3.27	0.65	248.98
3.26	0.66	249.17
3.26	0.65	249.36
3.26	0.66	249.55
3.25	0.65	249.74
3.26	0.66	249.93
3.26	0.66	250.12
3.26	0.66	250.31
3.26	0.66	250.50
3.27	0.67	250.69
3.26	0.66	250.88
3.27	0.66	251.07
3.26	0.66	251.26
3.26	0.66	251.45
3.27	0.67	251.65
3.26	0.66	251.84
3.26	0.66	252.03
3.26	0.66	252.22
3.25	0.66	252.41
3.27	0.66	252.60
3.26	0.65	252.79
3.26	0.65	252.98
3.26	0.66	253.17
3.26	0.65	253.36
3.26	0.66	253.55
3.27	0.66	253.74
3.26	0.66	253.93
3.26	0.65	254.11
3.27	0.66	254.31
3.26	0.65	254.49
3.26	0.66	254.68
3.26	0.66	254.87
3.26	0.65	255.06
3.26	0.66	255.25
3.26	0.67	255.45
3.26	0.66	255.64
3.26	0.65	255.83
3.26	0.65	256.02
3.26	0.66	256.21
3.26	0.66	256.40
3.26	0.65	256.58
3.25	0.66	256.77
3.25	0.65	256.96
3.26	0.66	257.15
3.26	0.65	257.34
3.25	0.65	257.53
3.27	0.67	257.72
3.27	0.66	257.91
3.26	0.66	258.10
3.27	0.67	258.30
3.26	0.65	258.49
3.26	0.65	258.67
3.26	0.65	258.86
3.27	0.66	259.05
3.26	0.66	259.24
3.27	0.66	259.43
3.26	0.65	259.62
3.27	0.66	259.81
3.27	0.66	260.00
3.27	0.66	260.19
3.27	0.66	260.38
3.27	0.66	260.57
3.27	0.66	260.76
3.28	0.67	260.96
3.28	0.65	261.15
3.28	0.66	261.34
3.27	0.66	261.53
3.28	0.66	261.72
3.27	0.66	261.91
3.28	0.67	262.10
3.26	0.65	262.29
3.27	0.66	262.48
3.27	0.66	262.67
3.27	0.66	262.86
3.27	0.66	263.05
3.27	0.66	263.24
3.27	0.65	263.43
3.27	0.66	263.62
3.27	0.66	263.81
3.27	0.66	264.00
3.27	0.66	264.19
3.27	0.67	264.39
3.26	0.66	264.58
3.27	0.67	264.77
3.27	0.65	264.96
3.27	0.67	265.15
3.26	0.65	265.34
3.28	0.67	265.53
3.27	0.65	265.72
3.28	0.67	265.91
3.27	0.65	266.10
3.27	0.66	266.29
3.27	0.65	266.48
3.27	0.66	266.67
3.26	0.65	266.86
3.26	0.66	267.05
3.27	0.66	267.24
3.27	0.66	267.43
3.27	0.65	267.62
3.27	0.65	267.81
3.27	0.66	268.00
3.27	0.66	268.19
3.27	0.67	268.38
3.27	0.66	268.57
3.28	0.67	268.77
3.27	0.65	268.96
3.27	0.66	269.15
3.27	0.66	269.34
3.28	0.66	269.53
3.27	0.66	269.72
3.28	0.65	269.91
3.27	0.65	270.09
3.27	0.66	270.28
3.27	0.66	270.47
3.27	0.66	270.67
3.28	0.66	270.86
3.27	0.66	271.05
3.27	0.67	271.24
3.27	0.66	271.43
3.27	0.67	271.62
3.26	0.66	271.81
3.26	0.65	272.00
3.27	0.67	272.19
3.27	0.66	272.38
3.27	0.65	272.57
3.27	0.67	272.77
3.27	0.66	272.96
3.27	0.67	273.15
3.26	0.66	273.34
3.27	0.66	273.53
3.27	0.67	273.72
3.26	0.65	273.91
3.27	0.67	274.10
3.27	0.67	274.30
3.26	0.65	274.48
3.26	0.66	274.67
3.26	0.65	274.86
3.27	0.66	275.05
3.27	0.66	275.24
3.28	0.66	275.43
3.27	0.66	275.62
3.27	0.66	275.81
3.27	0.66	276.00
3.27	0.66	276.19
3.27	0.66	276.39
3.27	0.66	276.58
3.27	0.66	276.77
3.27	0.66	276.96
3.27	0.66	277.15
3.27	0.66	277.34
3.26	0.66	277.53
3.27	0.66	277.72
3.27	0.66	277.91
3.27	0.66	278.10
3.26	0.66	278.29
3.27	0.67	278.48
3.27	0.66	278.68
3.26	0.66	278.87
3.26	0.66	279.06
3.26	0.65	279.24
3.26	0.65	279.43
3.26	0.66	279.62
3.26	0.66	279.81
3.26	0.65	280.00
3.26	0.66	280.19
3.27	0.66	280.38
3.26	0.66	280.57
3.26	0.65	280.76
3.27	0.66	280.95
3.27	0.66	281.14
3.26	0.65	281.33
3.27	0.65	281.52
3.26	0.65	281.71
3.27	0.66	281.90
3.27	0.65	282.09
3.26	0.66	282.28
3.26	0.66	282.47
3.26	0.65	282.66
3.26	0.65	282.85
3.27	0.66	283.04
3.26	0.65	283.23
3.26	0.65	283.41
3.26	0.66	283.60
3.25	0.65	283.79
3.26	0.65	283.98
3.26	0.65	284.17
3.27	0.67	284.36
3.27	0.67	284.55
3.26	0.66	284.74
3.27	0.66	284.93
3.27	0.66	285.12
3.27	0.66	285.31
3.27	0.66	285.50
3.26	0.65	285.69
3.27	0.66	285.88
3.27	0.67	286.07
3.27	0.66	286.27
3.26	0.66	286.46
3.26	0.66	286.65
3.26	0.66	286.84
3.26	0.66	287.03
3.26	0.66	287.22
3.26	0.65	287.41
3.26	0.66	287.60
3.26	0.66	287.79
3.26	0.66	287.98
3.26	0.66	288.17
3.26	0.66	288.36
3.25	0.65	288.55
3.26	0.66	288.74
3.26	0.65	288.93
3.26	0.65	289.11
3.26	0.65	289.30
3.26	0.65	289.49
3.26	0.65	289.68
3.26	0.65	289.87
3.26	0.65	290.06
3.26	0.65	290.25
3.27	0.67	290.44
3.26	0.65	290.63
3.27	0.66	290.82
3.27	0.67	291.01
3.27	0.66	291.20
3.26	0.65	291.39
3.27	0.66	291.58
3.26	0.66	291.77
3.26	0.65	291.96
3.26	0.65	292.15
3.26	0.66	292.34
3.26	0.66	292.53
3.26	0.66	292.72
3.25	0.65	292.91
3.25	0.65	293.10
3.26	0.66	293.29
3.26	0.65	293.48
3.25	0.65	293.67
3.26	0.66	293.86
3.25	0.65	294.05
3.26	0.66	294.24
3.25	0.65	294.42
3.26	0.66	294.62
3.25	0.66	294.81
3.26	0.66	295.00
3.26	0.66	295.19
3.25	0.65	295.38
3.26	0.66	295.57
3.26	0.66	295.76
3.26	0.66	295.95
3.25	0.66	296.14
3.26	0.66	296.33
3.27	0.66	296.52
3.26	0.67	296.71
3.25	0.66	296.90
3.26	0.66	297.09
3.25	0.65	297.28
3.25	0.66	297.47
3.25	0.65	297.66
3.26	0.65	297.85
3.26	0.66	298.04
3.26	0.66	298.23
3.27	0.67	298.42
3.26	0.66	298.61
3.26	0.66	298.80
3.26	0.66	298.99
3.25	0.65	299.18
3.26	0.66	299.37
3.26	0.66	299.56
3.26	0.65	299.75
3.26	0.65	299.94
3.25	0.65	300.13
3.25	0.65	300.32
3.25	0.66	300.51
3.26	0.66	300.70
3.25	0.66	300.89
3.25	0.66	301.08
3.25	0.65	301.27
3.26	0.65	301.46
3.25	0.65	301.64
3.25	0.65	301.83
3.26	0.65	302.02
3.25	0.66	302.21
3.25	0.65	302.40
3.25	0.66	302.59
3.25	0.65	302.78
3.25	0.66	302.97
3.26	0.66	303.16
3.25	0.66	303.35
3.25	0.65	303.54
3.26	0.66	303.73
3.27	0.66	303.92
3.26	0.66	304.11
3.26	0.66	304.30
3.25	0.65	304.49
3.25	0.65	304.68
3.25	0.66	304.87
3.25	0.65	305.06
3.25	0.65	305.24
3.25	0.66	305.43
3.25	0.65	305.62
3.26	0.66	305.81
3.26	0.65	306.00
3.26	0.66	306.19
3.26	0.66	306.38
3.26	0.67	306.58
3.25	0.65	306.77
3.25	0.65	306.95
3.25	0.66	307.14
3.26	0.66	307.34
3.25	0.66	307.53
3.25	0.65	307.71
3.26	0.65	307.90
3.26	0.66	308.09
3.26	0.65	308.28
3.26	0.66	308.47
3.26	0.66	308.66
3.25	0.66	308.85
3.25	0.65	309.04
3.25	0.65	309.23
3.25	0.65	309.42
3.25	0.65	309.61
3.25	0.65	309.79
3.25	0.65	309.98
3.25	0.64	310.17
3.26	0.66	310.36
3.26	0.66	310.55
3.26	0.65	310.74
3.26	0.65	310.93
3.25	0.64	311.11
3.26	0.66	311.30
3.25	0.66	311.49
3.26	0.66	311.68
3.25	0.65	311.87
3.26	0.66	312.06
3.25	0.65	312.25
3.25	0.65	312.44
3.25	0.66	312.63
3.25	0.65	312.82
3.25	0.66	313.01
3.25	0.65	313.20
3.25	0.66	313.39
3.26	0.65	313.58
3.26	0.66	313.77
3.26	0.66	313.96
3.26	0.66	314.15
3.26	0.66	314.34
3.26	0.66	314.53
3.26	0.65	314.72
3.25	0.65	314.91
3.25	0.65	315.10
3.25	0.65	315.28
3.25	0.66	315.47
3.24	0.65	315.66
3.25	0.65	315.85
3.25	0.65	316.04
3.25	0.65	316.23
3.25	0.66	316.42
3.24	0.65	316.61
3.25	0.65	316.79
3.25	0.66	316.98
3.25	0.66	317.17
3.25	0.65	317.36
3.25	0.64	317.55
3.25	0.65	317.74
3.25	0.66	317.93
3.24	0.65	318.11
3.24	0.65	318.30
3.25	0.65	318.49
3.25	0.66	318.68
3.25	0.65	318.87
3.25	0.66	319.06
3.25	0.66	319.25
3.25	0.65	319.44
3.26	0.65	319.63
3.25	0.66	319.82
3.25	0.65	320.00
3.25	0.65	320.19
3.25	0.65	320.38
3.25	0.65	320.57
3.25	0.66	320.76
3.25	0.66	320.95
3.25	0.66	321.14
3.25	0.65	321.33
3.24	0.65	321.52
3.25	0.65	321.70
3.25	0.66	321.89
3.25	0.66	322.08
3.25	0.66	322.27
3.25	0.65	322.46
3.25	0.66	322.65
3.25	0.66	322.84
3.26	0.66	323.03
3.25	0.66	323.22
3.25	0.66	323.41
3.25	0.65	323.60
3.25	0.65	323.79
3.25	0.65	323.98
3.25	0.65	324.16
3.26	0.65	324.35
3.25	0.66	324.54
3.25	0.65	324.73
3.25	0.65	324.92
3.25	0.65	325.11
3.25	0.66	325.30
3.25	0.66	325.49
3.25	0.65	325.67
3.25	0.66	325.86
3.24	0.65	326.05
3.25	0.65	326.24
3.24	0.65	326.43
3.25	0.66	326.62
3.25	0.65	326.81
3.25	0.65	327.00
3.25	0.66	327.19
3.25	0.66	327.38
3.24	0.65	327.56
3.24	0.65	327.75
3.24	0.66	327.94
3.25	0.66	328.13
3.25	0.66	328.32
3.25	0.66	328.51
3.25	0.66	328.70
3.26	0.67	328.89
3.25	0.66	329.08
3.25	0.66	329.27
3.25	0.65	329.46
3.24	0.65	329.65
3.24	0.64	329.84
3.25	0.66	330.03
3.25	0.66	330.22
3.26	0.66	330.41
3.25	0.65	330.60
3.26	0.66	330.79
3.25	0.66	330.98
3.25	0.65	331.16
3.25	0.66	331.35
3.24	0.65	331.54
3.26	0.66	331.73
3.25	0.65	331.92
3.25	0.64	332.11
3.25	0.66	332.30
3.25	0.66	332.49
3.25	0.65	332.68
3.25	0.66	332.87
3.24	0.65	333.05
3.25	0.66	333.24
3.25	0.65	333.43
3.26	0.65	333.62
3.25	0.66	333.81
3.25	0.66	334.00
3.25	0.66	334.19
3.25	0.66	334.38
3.25	0.66	334.57
3.24	0.65	334.76
3.24	0.65	334.95
3.24	0.66	335.14
3.25	0.66	335.33
3.24	0.65	335.52
3.24	0.65	335.71
3.24	0.65	335.89
3.24	0.66	336.08
3.24	0.66	336.27
3.24	0.66	336.46
3.25	0.65	336.65
3.25	0.66	336.84
3.24	0.65	337.03
3.25	0.66	337.22
3.24	0.65	337.41
3.25	0.66	337.60
3.24	0.65	337.79
3.24	0.65	337.98
3.25	0.66	338.17
3.25	0.66	338.36
3.25	0.66	338.55
3.24	0.65	338.73
3.24	0.65	338.92
3.24	0.65	339.11
3.24	0.65	339.30
3.25	0.66	339.49
3.24	0.66	339.68
3.24	0.66	339.87
3.24	0.65	340.06
3.24	0.65	340.25
3.24	0.66	340.44
3.24	0.65	340.63
3.24	0.65	340.81
3.25	0.66	341.00
3.24	0.65	341.19
3.24	0.66	341.38
3.24	0.65	341.57
3.24	0.65	341.76
3.25	0.66	341.95
3.24	0.65	342.14
3.25	0.66	342.33
3.24	0.65	342.52
3.24	0.65	342.71
3.24	0.65	342.90
3.24	0.65	343.08
3.24	0.65	343.27
3.24	0.66	343.46
3.24	0.66	343.65
3.24	0.65	343.84
3.24	0.64	344.03
3.24	0.65	344.22
3.24	0.65	344.40
3.24	0.65	344.59
3.24	0.65	344.78
3.24	0.65	344.97
3.24	0.65	345.16
3.24	0.65	345.35
3.24	0.66	345.54
3.24	0.65	345.72
3.24	0.65	345.91
3.24	0.65	346.10
3.24	0.65	346.29
3.24	0.65	346.48
3.24	0.65	346.67
3.24	0.65	346.86
3.25	0.66	347.05
3.25	0.66	347.24
3.25	0.66	347.43
3.24	0.65	347.62
3.24	0.65	347.80
3.24	0.66	347.99
3.24	0.65	348.18
3.24	0.65	348.37
3.24	0.66	348.56
3.24	0.65	348.75
3.24	0.65	348.94
3.24	0.65	349.13
3.23	0.64	349.31
3.24	0.66	349.50
3.24	0.65	349.69
3.24	0.66	349.88
3.24	0.65	350.07
3.24	0.65	350.26
3.24	0.66	350.45
3.24	0.66	350.64
3.24	0.65	350.83
3.25	0.66	351.02
3.24	0.65	351.21
3.24	0.65	351.40
3.24	0.66	351.59
3.24	0.66	351.78
3.24	0.65	351.97
3.24	0.66	352.16
3.23	0.65	352.34
3.24	0.65	352.53
3.24	0.65	352.72
3.24	0.65	352.91
3.24	0.65	353.10
3.24	0.65	353.28
3.24	0.65	353.47
3.24	0.65	353.66
3.24	0.65	353.85
3.24	0.65	354.04
3.24	0.66	354.23
3.24	0.66	354.42
3.24	0.65	354.61
3.23	0.65	354.79
3.24	0.65	354.98
3.24	0.65	355.17
3.24	0.65	355.36
3.24	0.65	355.55
3.24	0.66	355.74
3.24	0.65	355.93
3.24	0.65	356.11
3.24	0.65	356.30
3.24	0.64	356.49
3.24	0.66	356.68
3.23	0.64	356.87
3.24	0.65	357.05
3.24	0.65	357.24
3.24	0.66	357.43
3.24	0.65	357.62
3.24	0.66	357.81
3.24	0.65	358.00
3.23	0.64	358.18
3.23	0.65	358.37
3.24	0.65	358.56
3.23	0.65	358.75
3.24	0.65	358.94
3.24	0.66	359.13
3.24	0.65	359.31
3.24	0.66	359.50
3.24	0.66	359.69
3.24	0.65	359.88
3.24	0.65	360.07
3.24	0.65	360.26
3.24	0.65	360.44
3.24	0.66	360.63
3.23	0.65	360.82
3.24	0.65	361.01
3.24	0.65	361.20
3.24	0.65	361.39
3.24	0.65	361.57
3.24	0.65	361.76
3.24	0.65	361.95
3.24	0.65	362.14
3.24	0.65	362.33
3.24	0.65	362.52
3.24	0.65	362.71
3.24	0.65	362.89
3.24	0.66	363.09
3.23	0.64	363.27
3.24	0.65	363.46
3.24	0.65	363.65
3.24	0.65	363.84
3.23	0.65	364.02
3.23	0.65	364.21
3.24	0.64	364.40
3.24	0.65	364.59
3.24	0.65	364.78
3.24	0.65	364.97
3.24	0.65	365.15
3.24	0.65	365.34
3.24	0.66	365.53
3.24	0.64	365.72
3.24	0.65	365.91
3.24	0.65	366.10
3.24	0.64	366.28
3.24	0.65	366.47
3.23	0.64	366.66
3.23	0.64	366.84
3.23	0.65	367.03
3.24	0.66	367.22
3.24	0.65	367.41
3.23	0.64	367.60
3.24	0.65	367.78
3.23	0.65	367.97
3.24	0.65	368.16
3.24	0.65	368.35
3.24	0.65	368.54
3.24	0.65	368.72
3.24	0.66	368.92
3.24	0.65	369.10
3.24	0.65	369.29
3.24	0.65	369.48
3.23	0.65	369.67
3.24	0.65	369.86
3.23	0.65	370.04
3.23	0.64	370.23
3.24	0.66	370.42
3.23	0.65	370.61
3.23	0.65	370.80
3.23	0.64	370.98
3.23	0.65	371.17
3.23	0.64	371.36
3.23	0.65	371.55
3.23	0.64	371.73
3.23	0.65	371.92
3.23	0.65	372.11
3.23	0.65	372.30
3.23	0.64	372.48
3.24	0.65	372.67
3.24	0.65	372.86
3.24	0.66	373.05
3.24	0.65	373.24
3.23	0.65	373.42
3.23	0.65	373.61
3.24	0.66	373.80
3.23	0.65	373.99
3.23	0.65	374.18
3.23	0.65	374.37
3.24	0.66	374.56
3.23	0.65	374.74
3.23	0.64	374.93
3.24	0.66	375.12
3.24	0.66	375.31
3.23	0.65	375.50
3.23	0.65	375.69
3.23	0.64	375.87
3.23	0.65	376.06
3.23	0.64	376.25
3.23	0.64	376.43
3.23	0.65	376.62
3.24	0.66	376.81
3.23	0.64	377.00
3.23	0.64	377.18
3.24	0.66	377.37
3.23	0.65	377.56
3.23	0.65	377.75
3.23	0.64	377.93
3.23	0.65	378.12
3.23	0.64	378.31
3.23	0.65	378.49
3.23	0.65	378.68
3.23	0.64	378.87
3.23	0.64	379.05
3.23	0.65	379.24
3.24	0.65	379.43
3.24	0.65	379.62
3.24	0.65	379.81
3.23	0.65	379.99
3.24	0.66	380.18
3.23	0.64	380.37
3.23	0.65	380.56
3.23	0.65	380.74
3.23	0.65	380.93
3.23	0.64	381.12
3.23	0.65	381.31
3.22	0.64	381.49
3.22	0.65	381.68
3.23	0.65	381.87
3.23	0.65	382.05
3.22	0.65	382.24
3.23	0.66	382.43
3.22	0.65	382.62
3.22	0.64	382.80
3.22	0.65	382.99
3.22	0.65	383.18
3.23	0.65	383.37
3.22	0.65	383.55
3.22	0.65	383.74
3.24	0.65	383.93
3.23	0.66	384.12
3.23	0.65	384.31
3.23	0.65	384.50
3.24	0.66	384.69
3.24	0.64	384.87
3.24	0.65	385.06
3.23	0.65	385.25
3.23	0.65	385.44
3.23	0.64	385.63
3.23	0.65	385.81
3.23	0.65	386.00
3.23	0.65	386.19
3.22	0.65	386.38
3.23	0.65	386.56
3.23	0.65	386.75
3.22	0.64	386.94
3.22	0.64	387.13
3.22	0.65	387.31
3.22	0.65	387.50
3.23	0.65	387.69
3.22	0.65	387.88
3.22	0.64	388.06
3.22	0.64	388.25
3.22	0.64	388.43
3.23	0.65	388.62
3.22	0.64	388.81
3.22	0.64	388.99
3.22	0.64	389.18
3.22	0.65	389.37
3.23	0.65	389.56
3.22	0.64	389.74
3.22	0.64	389.93
3.22	0.64	390.11
3.23	0.65	390.30
3.22	0.65	390.49
3.22	0.64	390.68
3.23	0.65	390.87
3.22	0.64	391.05
3.22	0.65	391.24
3.23	0.65	391.43
3.23	0.65	391.62
3.23	0.65	391.80
3.23	0.66	391.99
3.23	0.65	392.18
3.23	0.64	392.37
3.23	0.65	392.56
3.24	0.66	392.75
3.23	0.65	392.93
3.24	0.65	393.12
3.23	0.65	393.31
3.22	0.65	393.50
3.22	0.64	393.68
3.23	0.65	393.87
3.23	0.66	394.06
3.22	0.64	394.25
3.22	0.64	394.43
3.22	0.65	394.62
3.22	0.65	394.81
3.23	0.65	395.00
3.23	0.65	395.19
3.24	0.66	395.38
3.24	0.66	395.57
3.23	0.64	395.75
3.23	0.64	395.94
3.23	0.66	396.13
3.22	0.65	396.32
3.22	0.64	396.50
3.23	0.66	396.69
3.22	0.64	396.88
3.22	0.64	397.06
3.23	0.64	397.25
3.23	0.64	397.44
3.22	0.64	397.62
3.23	0.65	397.81
3.22	0.65	398.00
3.23	0.65	398.19
3.23	0.65	398.37
3.24	0.66	398.57
3.23	0.65	398.75
3.24	0.66	398.94
3.23	0.65	399.13
3.23	0.65	399.32
3.23	0.65	399.51
3.23	0.65	399.70
3.23	0.64	399.88
3.23	0.65	400.07
3.23	0.65	400.26
3.22	0.65	400.45
3.24	0.66	400.64
3.23	0.66	400.83
3.23	0.66	401.02
3.22	0.65	401.20
3.22	0.64	401.39
3.22	0.64	401.57
3.22	0.64	401.76
3.23	0.66	401.95
3.22	0.64	402.14
3.23	0.65	402.32
3.22	0.64	402.51
3.22	0.65	402.70
3.22	0.65	402.89
3.22	0.64	403.07
3.23	0.65	403.26
3.22	0.65	403.45
3.23	0.65	403.64
3.22	0.64	403.82
3.22	0.64	404.01
3.22	0.65	404.20
3.22	0.65	404.38
3.22	0.66	404.57
3.22	0.64	404.76
3.22	0.65	404.95
3.22	0.64	405.13
3.22	0.65	405.32
3.22	0.65	405.51
3.21	0.64	405.69
3.22	0.65	405.88
3.22	0.65	406.07
3.22	0.65	406.26
3.21	0.64	406.44
3.21	0.64	406.63
3.22	0.65	406.82
3.23	0.65	407.01
3.22	0.64	407.19
3.22	0.64	407.38
3.22	0.64	407.56
3.23	0.65	407.75
3.22	0.65	407.94
3.22	0.65	408.13
3.23	0.64	408.31
3.22	0.64	408.50
3.22	0.65	408.69
3.22	0.65	408.87
3.22	0.65	409.06
3.23	0.65	409.25
3.22	0.65	409.44
3.22	0.65	409.63
3.22	0.65	409.81
3.23	0.65	410.00
3.22	0.65	410.19
3.22	0.65	410.38
3.21	0.65	410.56
3.22	0.65	410.75
3.22	0.65	410.94
3.21	0.65	411.13
3.22	0.65	411.31
3.21	0.64	411.50
3.21	0.65	411.69
3.22	0.65	411.87
3.22	0.64	412.06
3.22	0.64	412.25
3.23	0.66	412.44
3.22	0.65	412.62
3.21	0.65	412.81
3.22	0.65	413.00
3.22	0.64	413.18
3.22	0.65	413.37
3.21	0.65	413.56
3.21	0.65	413.75
3.22	0.65	413.94
3.22	0.64	414.12
3.22	0.64	414.31
3.22	0.65	414.50
3.22	0.64	414.68
3.22	0.64	414.87
3.22	0.65	415.05
3.22	0.65	415.24
3.22	0.65	415.43
3.22	0.65	415.62
3.22	0.65	415.80
3.23	0.66	415.99
3.23	0.65	416.18
3.22	0.65	416.37
3.22	0.65	416.56
3.22	0.65	416.75
3.22	0.65	416.93
3.21	0.64	417.12
3.21	0.64	417.31
3.22	0.66	417.49
3.22	0.65	417.68
3.21	0.64	417.87
3.21	0.64	418.05
3.21	0.65	418.24
3.22	0.65	418.43
3.22	0.65	418.62
3.24	0.67	418.81
3.22	0.65	419.00
3.22	0.65	419.18
3.22	0.64	419.37
3.21	0.64	419.56
3.21	0.64	419.74
3.21	0.64	419.93
3.21	0.65	420.11
3.22	0.66	420.30
3.21	0.65	420.49
3.21	0.64	420.68
3.21	0.65	420.86
3.21	0.65	421.05
3.21	0.64	421.24
3.22	0.65	421.43
3.22	0.65	421.61
3.22	0.65	421.80
3.22	0.64	421.99
3.23	0.66	422.18
3.22	0.65	422.37
3.21	0.65	422.55
3.21	0.65	422.74
3.21	0.65	422.93
3.21	0.64	423.11
3.21	0.64	423.30
3.21	0.64	423.48
3.21	0.65	423.67
3.21	0.65	423.86
3.21	0.65	424.05
3.21	0.64	424.23
3.21	0.64	424.42
3.21	0.64	424.61
3.21	0.64	424.79
3.21	0.64	424.98
3.21	0.64	425.16
3.21	0.64	425.35
3.22	0.65	425.53
3.22	0.65	425.72
3.21	0.65	425.91
3.22	0.66	426.10
3.22	0.64	426.28
3.21	0.64	426.47
3.21	0.65	426.66
3.22	0.65	426.85
3.21	0.65	427.04
3.21	0.65	427.22
3.21	0.64	427.41
3.21	0.64	427.59
3.21	0.65	427.78
3.21	0.64	427.97
3.21	0.64	428.15
3.21	0.65	428.34
3.21	0.64	428.53
3.20	0.64	428.71
3.21	0.64	428.90
3.21	0.65	429.09
3.21	0.65	429.27
3.21	0.65	429.46
3.21	0.64	429.65
3.21	0.65	429.84
3.20	0.64	430.02
3.21	0.64	430.21
3.21	0.65	430.39
3.21	0.65	430.58
3.21	0.64	430.77
3.21	0.64	430.95
3.21	0.64	431.14
3.22	0.65	431.33
3.22	0.65	431.52
3.22	0.65	431.70
3.21	0.64	431.89
3.21	0.64	432.07
3.22	0.65	432.26
3.21	0.64	432.45
3.22	0.65	432.63
3.21	0.65	432.82
3.21	0.64	433.01
3.21	0.65	433.20
3.21	0.65	433.38
3.21	0.64	433.57
3.21	0.64	433.76
3.21	0.65	433.94
3.21	0.65	434.13
3.21	0.64	434.32
3.21	0.65	434.51
3.22	0.64	434.69
3.20	0.64	434.88
3.21	0.65	435.07
3.21	0.65	435.26
3.21	0.65	435.44
3.21	0.64	435.63
3.21	0.65	435.82
3.22	0.66	436.01
3.21	0.65	436.20
3.21	0.65	436.38
3.21	0.65	436.57
3.21	0.64	436.76
3.21	0.64	436.94
3.21	0.64	437.13
3.21	0.64	437.31
3.21	0.65	437.50
3.20	0.64	437.69
3.21	0.65	437.88
3.21	0.65	438.06
3.20	0.64	438.25
3.20	0.64	438.43
3.21	0.65	438.62
3.21	0.65	438.81
3.20	0.65	439.00
3.20	0.65	439.19
3.20	0.64	439.37
3.20	0.64	439.56
3.20	0.64	439.74
3.20	0.64	439.93
3.20	0.64	440.12
3.20	0.65	440.30
3.20	0.64	440.49
3.20	0.64	440.67
3.20	0.64	440.86
3.20	0.64	441.05
3.20	0.65	441.23
3.21	0.65	441.42
3.20	0.64	441.61
3.21	0.64	441.79
3.21	0.66	441.98
3.20	0.65	442.17
3.20	0.64	442.36
3.20	0.64	442.54
3.21	0.65	442.73
3.21	0.65	442.92
3.21	0.65	443.11
3.21	0.65	443.29
3.20	0.64	443.48
3.20	0.64	443.66
3.20	0.64	443.85
3.20	0.64	444.04
3.20	0.64	444.22
3.20	0.64	444.41
3.20	0.64	444.59
3.20	0.64	444.78
3.20	0.64	444.97
3.20	0.64	445.15
3.21	0.65	445.34
3.20	0.64	445.53
3.21	0.65	445.71
3.20	0.64	445.90
3.20	0.64	446.09
3.20	0.64	446.27
3.21	0.65	446.46
3.20	0.64	446.65
3.20	0.65	446.83
3.21	0.65	447.02
3.21	0.65	447.21
3.20	0.64	447.40
3.20	0.64	447.58
3.20	0.64	447.77
3.21	0.65	447.95
3.21	0.65	448.14
3.21	0.65	448.33
3.20	0.64	448.52
3.20	0.64	448.70
3.20	0.64	448.89
3.21	0.65	449.08
3.20	0.64	449.26
3.20	0.65	449.45
3.20	0.64	449.64
3.21	0.65	449.82
3.20	0.64	450.01
3.20	0.64	450.20
3.20	0.64	450.38
3.20	0.65	450.57
3.20	0.64	450.76
3.20	0.64	450.94
3.21	0.64	451.13
3.20	0.64	451.31
3.20	0.65	451.50
3.21	0.65	451.69
3.20	0.64	451.87
3.20	0.65	452.06
3.20	0.64	452.25
3.20	0.64	452.43
3.20	0.64	452.62
3.20	0.64	452.80
3.20	0.64	452.99
3.20	0.64	453.18
3.20	0.64	453.36
3.20	0.64	453.54
3.20	0.64	453.73
3.20	0.64	453.91
3.20	0.65	454.10
3.20	0.64	454.29
3.20	0.64	454.47
3.20	0.64	454.66
3.20	0.64	454.84
3.20	0.65	455.03
3.21	0.65	455.22
3.20	0.64	455.40
3.20	0.64	455.59
3.21	0.65	455.78
3.21	0.65	455.97
3.21	0.65	456.15
3.21	0.65	456.34
3.20	0.64	456.53
3.21	0.65	456.72
3.20	0.64	456.90
3.20	0.64	457.09
3.21	0.65	457.27
3.21	0.65	457.46
3.20	0.64	457.65
3.20	0.64	457.83
3.20	0.64	458.02
3.20	0.64	458.21
3.15	0.64	458.39
3.13	0.63	458.57
3.13	0.62	458.75
3.13	0.63	458.94
3.13	0.63	459.12
3.13	0.63	459.30
3.13	0.63	459.48
3.13	0.63	459.66
3.14	0.64	459.85
3.15	0.64	460.03
3.14	0.63	460.21
3.15	0.64	460.40
3.14	0.63	460.58
3.14	0.64	460.76
3.14	0.64	460.95
3.14	0.63	461.13
3.15	0.64	461.32
3.14	0.63	461.50
3.15	0.64	461.68
3.13	0.62	461.86
3.14	0.63	462.05
3.14	0.64	462.23
3.14	0.63	462.41
3.15	0.64	462.59
3.14	0.63	462.78
3.14	0.64	462.96
3.14	0.63	463.14
3.14	0.64	463.33
3.16	0.64	463.51
3.15	0.64	463.69
3.15	0.63	463.88
3.15	0.63	464.06
3.15	0.64	464.24
3.15	0.63	464.42
3.15	0.64	464.61
3.15	0.64	464.79
3.14	0.63	464.97
3.14	0.63	465.16
3.15	0.64	465.34
3.15	0.64	465.52
3.15	0.64	465.71
3.16	0.64	465.89
3.15	0.64	466.08
3.15	0.63	466.26
3.15	0.63	466.44
3.16	0.64	466.63
3.15	0.63	466.81
3.15	0.63	466.99
3.15	0.63	467.18
3.16	0.64	467.36
3.16	0.64	467.55
3.16	0.64	467.73
3.15	0.63	467.91
3.15	0.63	468.09
3.16	0.64	468.28
3.15	0.63	468.46
3.15	0.64	468.64
3.16	0.64	468.83
3.15	0.63	469.01
3.16	0.64	469.20
3.15	0.63	469.38
3.15	0.64	469.56
3.15	0.64	469.75
3.15	0.63	469.93
3.15	0.64	470.11
3.15	0.64	470.30
3.15	0.64	470.48
3.15	0.64	470.66
3.15	0.64	470.85
3.15	0.63	471.03
3.15	0.64	471.21
3.15	0.63	471.39
3.15	0.64	471.58
3.15	0.63	471.76
3.15	0.64	471.94
3.15	0.63	472.13
3.16	0.64	472.31
3.15	0.64	472.49
3.16	0.63	472.68
3.15	0.63	472.86
3.16	0.64	473.04
3.16	0.63	473.22
3.16	0.64	473.41
3.16	0.64	473.59
3.16	0.63	473.77
3.16	0.64	473.96
3.16	0.63	474.14
3.16	0.64	474.32
3.16	0.63	474.51
3.16	0.64	474.69
3.16	0.64	474.88
3.16	0.63	475.06
3.16	0.64	475.24
3.16	0.64	475.43
3.16	0.63	475.61
3.16	0.64	475.80
3.16	0.64	475.98
3.16	0.64	476.17
3.15	0.64	476.35
3.16	0.64	476.54
3.16	0.63	476.72
3.16	0.64	476.90
3.16	0.65	477.09
3.16	0.64	477.27
3.16	0.64	477.46
3.16	0.64	477.64
3.16	0.64	477.83
3.16	0.64	478.01
3.16	0.64	478.20
3.16	0.64	478.38
3.16	0.64	478.57
3.16	0.64	478.75
3.15	0.63	478.93
3.16	0.64	479.12
3.16	0.64	479.30
3.15	0.64	479.49
3.16	0.64	479.67
3.16	0.64	479.86
3.16	0.64	480.04
3.15	0.63	480.23
3.16	0.64	480.41
3.16	0.64	480.60
3.15	0.63	480.78
3.15	0.63	480.96
3.15	0.64	481.14
3.15	0.64	481.33
3.15	0.64	481.51
3.15	0.63	481.69
3.16	0.64	481.88
3.16	0.64	482.07
3.16	0.64	482.25
3.15	0.63	482.43
3.15	0.63	482.62
3.15	0.64	482.80
3.15	0.64	482.98
3.15	0.63	483.17
3.15	0.64	483.35
3.15	0.63	483.53
3.15	0.64	483.72
3.15	0.64	483.90
3.15	0.64	484.09
3.15	0.64	484.27
3.15	0.63	484.45
3.16	0.64	484.64
3.15	0.63	484.82
3.15	0.63	485.00
3.16	0.64	485.18
3.15	0.63	485.37
3.15	0.64	485.55
3.15	0.64	485.73
3.15	0.64	485.92
3.15	0.64	486.10
3.15	0.63	486.28
3.15	0.64	486.47
3.15	0.64	486.65
3.16	0.64	486.84
3.15	0.63	487.02
3.16	0.64	487.20
3.15	0.64	487.39
3.15	0.64	487.57
3.15	0.63	487.75
3.15	0.64	487.94
3.15	0.64	488.12
3.15	0.64	488.30
3.15	0.64	488.49
3.15	0.64	488.67
3.15	0.63	488.85
3.15	0.64	489.04
3.15	0.63	489.22
3.15	0.63	489.40
3.15	0.64	489.58
3.15	0.63	489.77
3.15	0.64	489.95
3.15	0.64	490.13
3.16	0.64	490.32
3.16	0.64	490.51
3.15	0.64	490.69
3.14	0.63	490.87
3.14	0.63	491.05
3.15	0.64	491.24
3.15	0.64	491.42
3.15	0.63	491.60
3.15	0.64	491.79
3.14	0.63	491.97
3.15	0.64	492.15
3.15	0.64	492.34
3.14	0.63	492.52
3.14	0.63	492.70
3.15	0.64	492.88
3.14	0.63	493.07
3.15	0.64	493.25
3.15	0.64	493.43
3.16	0.64	493.62
3.14	0.63	493.80
3.16	0.64	493.99
3.15	0.63	494.17
3.15	0.64	494.35
3.15	0.63	494.53
3.15	0.64	494.72
3.15	0.64	494.90
3.15	0.64	495.09
3.15	0.63	495.27
3.15	0.64	495.45
3.15	0.64	495.64
3.15	0.64	495.82
3.15	0.63	496.00
3.16	0.64	496.19
3.15	0.64	496.37
3.15	0.64	496.56
3.16	0.64	496.74
3.15	0.64	496.93
3.15	0.64	497.11
3.14	0.63	497.29
3.15	0.64	497.48
3.15	0.64	497.66
3.14	0.63	497.84
3.15	0.64	498.03
3.15	0.64	498.21
3.15	0.64	498.39
3.14	0.63	498.57
3.14	0.64	498.76
3.14	0.64	498.94
3.14	0.62	499.12
3.14	0.64	499.31
3.15	0.64	499.49
3.14	0.63	499.67
3.14	0.63	499.86
3.14	0.63	500.04
3.14	0.63	500.22
3.14	0.63	500.40
3.14	0.63	500.58
3.15	0.64	500.77
3.15	0.64	500.95
3.14	0.63	501.13
3.15	0.63	501.31
3.15	0.64	501.50
3.15	0.64	501.68
3.15	0.63	501.86
3.14	0.63	502.05
3.14	0.63	502.23
3.14	0.63	502.41
3.14	0.63	502.59
3.14	0.63	502.77
3.14	0.63	502.96
3.15	0.64	503.14
3.14	0.64	503.33
3.15	0.64	503.51
3.15	0.64	503.70
3.14	0.64	503.88
3.14	0.63	504.06
3.14	0.64	504.24
3.14	0.63	504.43
3.14	0.63	504.61
3.15	0.64	504.79
3.15	0.64	504.98
3.15	0.63	505.16
3.14	0.63	505.34
3.15	0.64	505.52
3.15	0.63	505.70
3.15	0.64	505.89
3.15	0.64	506.07
3.15	0.64	506.26
3.14	0.64	506.44
3.14	0.64	506.62
3.14	0.63	506.81
3.15	0.64	506.99
3.14	0.63	507.17
3.15	0.64	507.36
3.14	0.63	507.54
3.15	0.64	507.72
3.14	0.63	507.91
3.15	0.64	508.09
3.14	0.64	508.27
3.14	0.63	508.46
3.14	0.63	508.64
3.14	0.63	508.82
3.14	0.63	509.00
3.14	0.64	509.19
3.14	0.63	509.37
3.15	0.64	509.55
3.15	0.64	509.74
3.15	0.64	509.92
3.14	0.63	510.10
3.14	0.64	510.29
3.15	0.64	510.47
3.15	0.64	510.66
3.14	0.63	510.84
3.15	0.64	511.02
3.14	0.63	511.20
3.14	0.64	511.39
3.14	0.63	511.57
3.15	0.64	511.75
3.15	0.64	511.94
3.14	0.63	512.12
3.14	0.64	512.31
3.14	0.63	512.49
3.14	0.64	512.67
3.14	0.63	512.85
3.14	0.63	513.03
3.13	0.63	513.22
3.14	0.63	513.40
3.14	0.64	513.58
3.14	0.63	513.77
3.15	0.64	513.95
3.13	0.63	514.13
3.14	0.63	514.32
3.14	0.63	514.50
3.13	0.63	514.68
3.15	0.64	514.87
3.13	0.63	515.05
3.14	0.64	515.23
3.13	0.63	515.41
3.13	0.63	515.60
3.13	0.62	515.78
3.13	0.63	515.96
3.13	0.63	516.14
3.13	0.63	516.32
3.13	0.63	516.50
3.13	0.63	516.69
3.13	0.62	516.87
3.14	0.64	517.05
3.13	0.63	517.23
3.14	0.64	517.41
3.13	0.63	517.60
3.13	0.62	517.78
3.13	0.63	517.96
3.13	0.64	518.14
3.14	0.64	518.33
3.14	0.64	518.51
3.13	0.63	518.69
3.14	0.64	518.87
3.13	0.63	519.06
3.14	0.64	519.24
3.13	0.62	519.42
3.13	0.63	519.60
3.14	0.64	519.79
3.13	0.63	519.97
3.14	0.64	520.16
3.13	0.63	520.34
3.14	0.64	520.52
3.13	0.64	520.70
3.13	0.63	520.89
3.14	0.64	521.07
3.13	0.63	521.25
3.13	0.63	521.43
3.13	0.63	521.61
3.13	0.63	521.80
3.13	0.63	521.98
3.14	0.64	522.16
3.13	0.62	522.34
3.14	0.64	522.53
3.14	0.63	522.71
3.14	0.64	522.89
3.15	0.64	523.08
3.15	0.64	523.26
3.14	0.63	523.44
3.13	0.63	523.63
3.14	0.63	523.81
3.14	0.63	523.99
3.13	0.63	524.17
3.13	0.63	524.35
3.13	0.63	524.54
3.13	0.63	524.72
3.14	0.64	524.90
3.14	0.64	525.09
3.13	0.63	525.27
3.13	0.63	525.45
3.13	0.64	525.63
3.13	0.63	525.81
3.13	0.62	525.99
3.14	0.64	526.18
3.13	0.63	526.36
3.14	0.64	526.55
3.13	0.64	526.73
3.13	0.63	526.91
3.14	0.64	527.10
3.13	0.63	527.28
3.13	0.63	527.46
3.13	0.63	527.64
3.14	0.63	527.82
3.15	0.64	528.01
3.14	0.63	528.19
3.14	0.63	528.38
3.14	0.64	528.56
3.13	0.64	528.74
3.13	0.62	528.92
3.13	0.63	529.10
3.13	0.64	529.29
3.13	0.62	529.47
3.13	0.63	529.65
3.13	0.63	529.83
3.13	0.63	530.01
3.13	0.63	530.20
3.13	0.63	530.38
3.13	0.63	530.56
3.13	0.63	530.74
3.13	0.63	530.92
3.13	0.64	531.11
3.13	0.63	531.29
3.13	0.63	531.47
3.13	0.64	531.65
3.14	0.64	531.84
3.14	0.64	532.02
3.13	0.63	532.20
3.13	0.64	532.38
3.13	0.63	532.57
3.13	0.63	532.75
3.13	0.63	532.93
3.13	0.63	533.11
3.13	0.62	533.29
3.13	0.63	533.47
3.13	0.62	533.65
3.13	0.63	533.84
3.13	0.64	534.02
3.13	0.63	534.20
3.13	0.63	534.38
3.13	0.63	534.57
3.13	0.63	534.75
3.13	0.63	534.93
3.13	0.63	535.11
3.13	0.64	535.29
3.13	0.64	535.48
3.13	0.63	535.66
3.12	0.63	535.84
3.13	0.64	536.02
3.13	0.63	536.21
3.13	0.63	536.39
3.13	0.63	536.57
3.13	0.63	536.75
3.13	0.63	536.93
3.13	0.62	537.11
3.13	0.63	537.30
3.14	0.64	537.48
3.13	0.63	537.66
3.13	0.63	537.84
3.13	0.63	538.03
3.13	0.63	538.21
3.13	0.62	538.39
3.13	0.63	538.57
3.13	0.63	538.75
3.13	0.62	538.93
3.13	0.63	539.11
3.14	0.64	539.30
3.13	0.63	539.48
3.13	0.63	539.66
3.13	0.63	539.84
3.13	0.63	540.03
3.13	0.63	540.21
3.14	0.64	540.39
3.13	0.63	540.58
3.13	0.63	540.76
3.13	0.63	540.94
3.13	0.63	541.12
3.13	0.64	541.30
3.12	0.63	541.49
3.13	0.63	541.67
3.13	0.62	541.85
3.12	0.63	542.03
3.13	0.63	542.21
3.12	0.63	542.39
3.12	0.63	542.57
3.13	0.63	542.75
3.13	0.64	542.94
3.13	0.63	543.12
3.13	0.63	543.30
3.13	0.63	543.48
3.13	0.63	543.67
3.13	0.63	543.85
3.13	0.63	544.03
3.13	0.63	544.21
3.14	0.64	544.39
3.13	0.63	544.58
3.14	0.64	544.76
3.14	0.64	544.95
3.13	0.63	545.13
3.13	0.63	545.31
3.13	0.63	545.49
3.13	0.64	545.68
3.13	0.63	545.86
3.13	0.63	546.04
3.13	0.63	546.22
3.13	0.64	546.41
3.12	0.62	546.59
3.13	0.63	546.77
3.12	0.63	546.95
3.12	0.63	547.13
3.13	0.63	547.31
3.12	0.63	547.49
3.12	0.62	547.67
3.12	0.63	547.85
3.13	0.64	548.04
3.12	0.63	548.22
3.12	0.63	548.40
3.12	0.63	548.58
3.12	0.63	548.76
3.12	0.63	548.94
3.12	0.63	549.13
3.13	0.63	549.31
3.12	0.63	549.49
3.13	0.64	549.67
3.12	0.63	549.86
3.13	0.63	550.04
3.12	0.63	550.22
3.12	0.63	550.40
3.12	0.63	550.58
3.12	0.63	550.77
3.12	0.63	550.95
3.12	0.63	551.13
3.13	0.64	551.31
3.12	0.63	551.49
3.13	0.64	551.68
3.13	0.64	551.86
3.12	0.62	552.04
3.12	0.63	552.23
3.12	0.63	552.41
3.12	0.63	552.59
3.12	0.63	552.77
3.13	0.64	552.95
3.12	0.63	553.14
3.12	0.63	553.32
3.12	0.63	553.50
3.12	0.62	553.68
3.12	0.63	553.86
3.12	0.63	554.04
3.12	0.63	554.22
3.13	0.63	554.40
3.12	0.63	554.58
3.13	0.63	554.77
3.13	0.63	554.95
3.12	0.62	555.13
3.12	0.63	555.31
3.12	0.62	555.49
3.13	0.64	555.67
3.12	0.62	555.85
3.11	0.63	556.03
3.12	0.62	556.21
3.13	0.64	556.40
3.12	0.63	556.58
3.12	0.63	556.76
3.13	0.64	556.95
3.12	0.63	557.13
3.12	0.63	557.31
3.12	0.62	557.49
3.12	0.63	557.67
3.13	0.64	557.86
3.12	0.62	558.04
3.12	0.63	558.22
3.12	0.63	558.40
3.12	0.63	558.58
3.12	0.64	558.76
3.12	0.63	558.95
3.11	0.63	559.13
3.12	0.63	559.31
3.12	0.63	559.49
3.12	0.62	559.67
3.11	0.62	559.85
3.12	0.62	560.03
3.12	0.64	560.21
3.12	0.63	560.40
3.11	0.63	560.58
3.12	0.63	560.76
3.11	0.63	560.94
3.11	0.62	561.12
3.12	0.63	561.30
3.12	0.62	561.48
3.12	0.63	561.66
3.12	0.63	561.84
3.12	0.62	562.02
3.13	0.63	562.20
3.12	0.62	562.38
3.12	0.62	562.56
3.12	0.63	562.74
3.12	0.63	562.93
3.12	0.63	563.11
3.12	0.63	563.29
3.12	0.63	563.47
3.12	0.64	563.66
3.12	0.64	563.84
3.11	0.63	564.02
3.12	0.63	564.20
3.12	0.63	564.39
3.12	0.63	564.57
3.12	0.63	564.75
3.12	0.64	564.93
3.12	0.63	565.11
3.11	0.62	565.29
3.12	0.64	565.48
3.12	0.64	565.66
3.11	0.63	565.84
3.12	0.64	566.02
3.11	0.63	566.21
3.12	0.62	566.39
3.12	0.62	566.57
3.12	0.63	566.75
3.12	0.63	566.93
3.12	0.63	567.11
3.11	0.62	567.29
3.12	0.63	567.47
3.11	0.63	567.65
3.12	0.64	567.84
3.11	0.62	568.02
3.11	0.63	568.20
3.11	0.63	568.38
3.11	0.63	568.56
3.11	0.63	568.74
3.11	0.62	568.92
3.12	0.62	569.10
3.12	0.63	569.28
3.12	0.62	569.46
3.12	0.63	569.64
3.11	0.63	569.82
3.11	0.63	570.01
3.11	0.62	570.18
3.11	0.63	570.37
3.11	0.63	570.55
3.11	0.63	570.73
3.11	0.63	570.91
3.11	0.63	571.09
3.11	0.63	571.27
3.11	0.63	571.45
3.11	0.62	571.63
3.11	0.62	571.81
3.11	0.63	571.99
3.11	0.62	572.17
3.11	0.63	572.35
3.11	0.62	572.53
3.12	0.63	572.72
3.11	0.63	572.90
3.11	0.62	573.08
3.12	0.62	573.26
3.12	0.63	573.44
3.12	0.63	573.62
3.12	0.63	573.80
3.11	0.63	573.98
3.11	0.63	574.16
3.12	0.63	574.35
3.11	0.63	574.53
3.11	0.62	574.71
3.12	0.64	574.89
3.11	0.63	575.07
3.11	0.62	575.25
3.11	0.63	575.43
3.11	0.63	575.61
3.11	0.62	575.79
3.11	0.62	575.97
3.11	0.63	576.15
3.11	0.63	576.34
3.11	0.63	576.52
3.11	0.63	576.70
3.11	0.62	576.88
3.11	0.62	577.06
3.10	0.63	577.24
3.10	0.63	577.42
3.10	0.62	577.60
3.10	0.63	577.78
3.11	0.62	577.96
3.10	0.63	578.14
3.10	0.63	578.32
3.10	0.62	578.50
3.10	0.63	578.69
3.11	0.63	578.87
3.11	0.63	579.05
3.10	0.63	579.23
3.10	0.62	579.41
3.10	0.63	579.59
3.10	0.62	579.77
3.11	0.64	579.96
3.11	0.62	580.14
3.10	0.63	580.32
3.10	0.63	580.50
3.10	0.62	580.68
3.10	0.62	580.86
3.10	0.62	581.04
3.10	0.63	581.22
3.11	0.62	581.40
3.10	0.63	581.58
3.10	0.62	581.76
3.10	0.63	581.94
3.11	0.63	582.12
3.10	0.63	582.30
3.10	0.62	582.48
3.10	0.62	582.66
3.10	0.62	582.84
3.10	0.61	583.02
3.11	0.63	583.20
3.10	0.62	583.38
3.10	0.63	583.56
3.10	0.62	583.74
3.11	0.62	583.92
3.11	0.63	584.10
3.11	0.63	584.28
3.10	0.63	584.46
3.10	0.62	584.64
3.10	0.63	584.83
3.10	0.62	585.00
3.10	0.62	585.18
3.10	0.63	585.37
3.11	0.63	585.55
3.10	0.63	585.73
3.10	0.62	585.91
3.11	0.63	586.09
3.11	0.63	586.27
3.10	0.63	586.45
3.11	0.62	586.63
3.11	0.62	586.81
3.11	0.63	587.00
3.10	0.62	587.18
3.11	0.63	587.36
3.10	0.62	587.54
3.09	0.62	587.72
3.10	0.63	587.90
3.09	0.62	588.08
3.10	0.62	588.26
3.10	0.62	588.44
3.10	0.63	588.62
3.09	0.63	588.80
3.10	0.63	588.98
3.10	0.63	589.16
3.10	0.63	589.35
3.10	0.63	589.53
3.09	0.62	589.71
3.09	0.62	589.89
3.10	0.63	590.07
3.10	0.62	590.25
3.10	0.63	590.43
3.10	0.63	590.61
3.11	0.63	590.79
3.10	0.62	590.97
3.10	0.62	591.15
3.09	0.62	591.33
3.10	0.63	591.51
3.09	0.62	591.69
3.10	0.63	591.87
3.09	0.62	592.05
3.10	0.63	592.23
3.09	0.62	592.41
3.09	0.62	592.59
3.09	0.62	592.77
3.09	0.62	592.95
3.09	0.63	593.13
3.09	0.63	593.31
3.09	0.62	593.49
3.09	0.62	593.67
3.09	0.62	593.85
3.10	0.63	594.04
3.10	0.62	594.22
3.10	0.62	594.39
3.10	0.63	594.58
3.10	0.63	594.76
3.09	0.62	594.94
3.10	0.63	595.12
3.10	0.63	595.30
3.10	0.62	595.48
3.10	0.63	595.66
3.10	0.63	595.84
3.09	0.62	596.02
3.09	0.62	596.20
3.09	0.62	596.38
3.09	0.63	596.56
3.09	0.62	596.74
3.09	0.62	596.92
3.09	0.61	597.10
3.09	0.62	597.28
3.09	0.63	597.46
3.09	0.63	597.64
3.10	0.63	597.83
3.10	0.62	598.00
3.09	0.62	598.18
3.09	0.62	598.36
3.09	0.62	598.54
3.09	0.62	598.72
3.09	0.63	598.90
3.09	0.62	599.08
3.09	0.63	599.26
3.10	0.63	599.45
3.10	0.63	599.63
3.09	0.62	599.81
3.09	0.62	599.99
3.09	0.63	600.17
3.10	0.63	600.35
3.09	0.62	600.53
3.09	0.62	600.71
3.09	0.62	600.89
3.09	0.62	601.07
3.09	0.63	601.25
3.09	0.62	601.43
3.09	0.62	601.61
3.10	0.63	601.79
3.09	0.62	601.97
3.09	0.62	602.15
3.09	0.62	602.33
3.09	0.62	602.51
3.09	0.62	602.69
3.09	0.62	602.87
3.09	0.62	603.05
3.09	0.63	603.23
3.09	0.62	603.41
3.09	0.62	603.59
3.09	0.62	603.76
3.09	0.62	603.94
3.10	0.63	604.12
3.07	0.61	604.30
3.06	0.62	604.48
3.06	0.62	604.66
3.07	0.62	604.84
3.06	0.62	605.02
3.06	0.62	605.20
3.07	0.63	605.38
3.07	0.62	605.56
3.07	0.62	605.73
3.07	0.63	605.92
3.07	0.62	606.09
3.07	0.62	606.27
3.07	0.62	606.45
3.07	0.62	606.63
3.07	0.62	606.81
3.07	0.62	606.99
3.07	0.61	607.16
3.07	0.62	607.34
3.07	0.62	607.52
3.07	0.62	607.70
3.06	0.62	607.88
3.07	0.62	608.06
3.06	0.62	608.24
3.07	0.62	608.41
3.06	0.61	608.59
3.07	0.62	608.77
3.07	0.62	608.95
3.08	0.62	609.13
3.07	0.62	609.31
3.07	0.62	609.49
3.06	0.61	609.66
3.06	0.61	609.84
3.07	0.62	610.02
3.06	0.61	610.20
3.06	0.62	610.38
3.06	0.62	610.56
3.06	0.61	610.73
3.06	0.62	610.91
3.07	0.62	611.09
3.07	0.61	611.27
3.06	0.61	611.44
3.08	0.63	611.62
3.07	0.62	611.80
3.06	0.61	611.98
3.06	0.62	612.16
3.07	0.62	612.34
3.06	0.62	612.52
3.07	0.62	612.70
3.06	0.61	612.87
3.06	0.62	613.05
3.07	0.62	613.23
3.07	0.62	613.41
3.07	0.62	613.59
3.07	0.62	613.77
3.07	0.62	613.95
3.06	0.61	614.13
3.06	0.62	614.30
3.06	0.61	614.48
3.06	0.61	614.66
3.06	0.62	614.84
3.06	0.62	615.02
3.06	0.61	615.19
3.07	0.63	615.37
3.06	0.62	615.55
3.06	0.62	615.73
3.07	0.62	615.91
3.06	0.61	616.09
3.07	0.62	616.27
3.07	0.62	616.45
3.06	0.62	616.62
3.06	0.61	616.80
3.06	0.62	616.98
3.06	0.61	617.16
3.06	0.61	617.33
3.07	0.62	617.51
3.06	0.62	617.69
3.07	0.63	617.87
3.07	0.62	618.05
3.06	0.61	618.23
3.07	0.62	618.41
3.05	0.61	618.59
3.06	0.62	618.77
3.06	0.61	618.94
3.06	0.62	619.12
3.06	0.62	619.30
3.06	0.61	619.48
3.06	0.62	619.66
3.05	0.61	619.83
3.05	0.61	620.01
3.06	0.62	620.19
3.06	0.61	620.36
3.06	0.62	620.54
3.06	0.61	620.72
3.06	0.62	620.90
3.06	0.62	621.08
3.06	0.61	621.25
3.06	0.61	621.43
3.05	0.62	621.61
3.05	0.61	621.79
3.06	0.62	621.96
3.05	0.62	622.14
3.05	0.61	622.32
3.06	0.62	622.50
3.06	0.62	622.68
3.06	0.61	622.85
3.06	0.61	623.03
3.06	0.62	623.21
3.05	0.61	623.39
3.05	0.61	623.56
3.06	0.62	623.74
3.06	0.61	623.92
3.05	0.62	624.10
3.05	0.61	624.28
3.05	0.61	624.45
3.05	0.62	624.63
3.05	0.61	624.81
3.06	0.62	624.99
3.06	0.62	625.17
3.06	0.62	625.34
3.05	0.61	625.52
3.05	0.61	625.70
3.05	0.61	625.88
3.05	0.61	626.05
3.05	0.61	626.23
3.05	0.61	626.41
3.05	0.61	626.58
3.05	0.61	626.76
3.05	0.61	626.94
3.05	0.61	627.12
3.05	0.61	627.29
3.05	0.62	627.47
3.05	0.62	627.65
3.06	0.62	627.83
3.05	0.61	628.00
3.05	0.61	628.18
3.06	0.62	628.36
3.05	0.62	628.54
3.06	0.62	628.72
3.05	0.61	628.89
3.05	0.62	629.07
3.05	0.61	629.25
3.05	0.62	629.43
3.05	0.61	629.61
3.05	0.61	629.78
3.05	0.61	629.96
3.05	0.61	630.14
3.05	0.61	630.31
3.06	0.62	630.49
3.05	0.61	630.67
3.05	0.62	630.85
3.05	0.61	631.03
3.05	0.62	631.21
3.05	0.61	631.38
3.05	0.61	631.56
3.05	0.61	631.73
3.04	0.61	631.91
3.05	0.62	632.09
3.05	0.61	632.27
3.05	0.62	632.45
3.05	0.61	632.62
3.05	0.61	632.80
3.05	0.61	632.98
3.05	0.61	633.15
3.05	0.61	633.33
3.04	0.61	633.51
3.04	0.61	633.69
3.04	0.61	633.86
3.05	0.62	634.04
3.05	0.61	634.22
3.04	0.61	634.39
3.04	0.61	634.57
3.04	0.61	634.75
3.04	0.60	634.92
3.05	0.61	635.10
3.05	0.61	635.27
3.05	0.62	635.45
3.05	0.62	635.63
3.04	0.61	635.81
3.04	0.61	635.98
3.04	0.60	636.16
3.04	0.61	636.34
3.04	0.61	636.51
3.05	0.61	636.69
3.05	0.61	636.87
3.05	0.61	637.04
3.05	0.61	637.22
3.05	0.61	637.40
3.05	0.62	637.58
3.05	0.61	637.75
3.05	0.61	637.93
3.05	0.62	638.11
3.05	0.62	638.29
3.04	0.61	638.46
3.04	0.61	638.64
3.04	0.61	638.82
3.04	0.62	639.00
3.04	0.62	639.18
3.03	0.60	639.35
3.04	0.61	639.53
3.04	0.61	639.70
3.04	0.61	639.88
3.04	0.61	640.06
3.04	0.61	640.24
3.04	0.61	640.41
3.03	0.61	640.59
3.04	0.60	640.76
3.04	0.60	640.94
3.03	0.61	641.12
3.04	0.62	641.29
3.04	0.61	641.47
3.04	0.62	641.65
3.03	0.61	641.83
3.03	0.60	642.00
3.04	0.61	642.18
3.03	0.60	642.35
3.04	0.61	642.53
3.04	0.61	642.71
3.04	0.62	642.88
3.04	0.61	643.06
3.04	0.61	643.24
3.05	0.62	643.42
3.04	0.61	643.59
3.04	0.61	643.77
3.04	0.61	643.95
3.04	0.62	644.13
3.04	0.62	644.30
3.03	0.61	644.48
3.04	0.61	644.66
3.04	0.62	644.84
3.04	0.61	645.01
3.03	0.60	645.19
3.04	0.62	645.37
3.03	0.61	645.54
3.03	0.60	645.72
3.03	0.61	645.89
3.03	0.61	646.07
3.03	0.61	646.25
3.03	0.61	646.43
3.03	0.61	646.60
3.03	0.61	646.78
3.02	0.61	646.96
3.02	0.61	647.13
3.03	0.61	647.31
3.02	0.61	647.49
3.02	0.60	647.66
3.03	0.60	647.83
3.03	0.61	648.01
3.03	0.61	648.19
3.03	0.61	648.36
3.04	0.62	648.54
3.03	0.61	648.72
3.03	0.61	648.90
3.03	0.60	649.07
3.03	0.62	649.25
3.03	0.61	649.43
3.02	0.60	649.60
3.03	0.62	649.78
3.02	0.60	649.95
3.03	0.61	650.13
3.02	0.61	650.31
3.02	0.61	650.48
3.02	0.61	650.66
3.02	0.61	650.83
3.02	0.60	651.01
3.02	0.61	651.19
3.03	0.62	651.36
3.02	0.61	651.54
3.02	0.60	651.72
3.02	0.61	651.89
3.03	0.60	652.07
3.03	0.61	652.24
3.02	0.60	652.42
3.03	0.62	652.60
3.02	0.60	652.77
3.02	0.61	652.95
3.02	0.61	653.12
3.02	0.61	653.30
3.02	0.61	653.48
3.02	0.61	653.65
3.02	0.61	653.83
3.02	0.60	654.00
3.02	0.61	654.18
3.02	0.61	654.36
3.02	0.61	654.53
3.02	0.60	654.71
3.02	0.61	654.88
3.02	0.60	655.06
3.01	0.60	655.23
3.01	0.60	655.40
3.02	0.61	655.58
3.02	0.61	655.76
3.01	0.60	655.93
3.02	0.62	656.11
3.01	0.61	656.28
3.02	0.61	656.46
3.01	0.60	656.64
3.02	0.61	656.81
3.02	0.61	656.99
3.01	0.60	657.16
3.01	0.60	657.34
3.03	0.61	657.52
3.01	0.60	657.69
3.01	0.60	657.86
3.01	0.61	658.04
3.01	0.60	658.21
3.01	0.60	658.39
3.01	0.61	658.57
3.01	0.60	658.74
3.01	0.60	658.91
3.01	0.61	659.09
3.01	0.61	659.27
3.02	0.61	659.44
3.01	0.60	659.62
3.01	0.61	659.80
3.01	0.61	659.97
3.01	0.60	660.15
3.02	0.62	660.32
3.01	0.60	660.50
3.01	0.61	660.68
3.01	0.60	660.85
3.01	0.60	661.02
3.01	0.61	661.20
3.01	0.60	661.37
3.01	0.61	661.55
3.01	0.60	661.73
3.01	0.60	661.90
3.01	0.60	662.07
3.01	0.61	662.25
3.01	0.61	662.43
3.00	0.60	662.60
3.01	0.60	662.78
3.00	0.61	662.95
3.00	0.60	663.13
3.00	0.60	663.30
3.00	0.61	663.48
3.00	0.60	663.65
3.00	0.60	663.82
3.01	0.60	664.00
3.01	0.60	664.17
3.00	0.60	664.35
3.00	0.60	664.52
3.00	0.60	664.69
3.00	0.61	664.87
3.00	0.60	665.04
3.00	0.60	665.22
3.00	0.61	665.39
3.00	0.60	665.57
3.00	0.60	665.74
3.00	0.60	665.92
3.00	0.60	666.09
3.00	0.60	666.27
3.01	0.61	666.44
3.00	0.60	666.61
3.01	0.61	666.79
3.00	0.60	666.96
3.00	0.60	667.14
3.00	0.60	667.31
3.00	0.60	667.49
3.00	0.60	667.66
3.00	0.60	667.84
2.99	0.60	668.01
3.00	0.60	668.18
3.00	0.60	668.36
3.00	0.61	668.53
3.00	0.60	668.71
3.01	0.61	668.88
3.00	0.60	669.06
3.00	0.60	669.23
3.00	0.60	669.41
3.00	0.61	669.58
3.01	0.61	669.76
2.99	0.60	669.93
3.00	0.61	670.11
2.99	0.60	670.28
2.99	0.60	670.46
2.99	0.60	670.63
3.00	0.61	670.80
2.99	0.60	670.98
2.99	0.60	671.15
2.99	0.60	671.33
2.99	0.60	671.50
2.99	0.60	671.67
2.99	0.60	671.85
2.99	0.60	672.02
2.99	0.60	672.19
2.98	0.59	672.36
3.00	0.61	672.54
2.98	0.60	672.71
2.99	0.60	672.89
2.99	0.60	673.06
2.99	0.60	673.23
3.00	0.61	673.41
2.98	0.60	673.59
2.98	0.59	673.76
2.98	0.60	673.93
2.98	0.60	674.10
2.99	0.60	674.28
2.99	0.60	674.45
2.98	0.59	674.62
2.98	0.59	674.79
2.98	0.60	674.97
2.98	0.59	675.14
2.98	0.60	675.31
2.98	0.60	675.48
2.98	0.60	675.66
2.98	0.60	675.83
2.98	0.59	676.00
2.98	0.60	676.17
2.98	0.60	676.35
2.98	0.60	676.52
2.98	0.60	676.69
2.98	0.60	676.87
2.98	0.60	677.04
2.98	0.60	677.22
2.97	0.60	677.39
2.97	0.60	677.56
2.97	0.60	677.73
2.97	0.60	677.91
2.97	0.59	678.08
2.97	0.60	678.25
2.97	0.59	678.42
2.97	0.60	678.59
2.97	0.60	678.77
2.98	0.60	678.94
2.97	0.60	679.11
2.97	0.60	679.29
2.97	0.59	679.46
2.97	0.60	679.63
2.96	0.60	679.80
2.96	0.60	679.97
2.97	0.60	680.15
2.96	0.60	680.32
2.97	0.60	680.50
2.97	0.60	680.67
2.96	0.60	680.84
2.96	0.60	681.01
2.96	0.60	681.18
2.96	0.60	681.36
2.96	0.59	681.53
2.96	0.60	681.70
2.96	0.60	681.87
2.96	0.60	682.04
2.96	0.60	682.21
2.96	0.60	682.39
2.95	0.60	682.56
2.95	0.60	682.73
2.95	0.60	682.90
2.96	0.60	683.08
2.96	0.60	683.25
2.95	0.59	683.42
2.96	0.60	683.59
2.95	0.60	683.76
2.96	0.60	683.93
2.95	0.59	684.11
2.95	0.59	684.28
2.96	0.59	684.45
2.96	0.60	684.62
2.95	0.59	684.79
2.96	0.60	684.96
2.96	0.60	685.14
2.95	0.59	685.31
2.96	0.60	685.48
2.95	0.60	685.65
2.95	0.60	685.83
2.95	0.60	686.00
2.96	0.60	686.17
2.95	0.59	686.34
2.95	0.59	686.51
2.95	0.59	686.68
2.95	0.59	686.85
2.96	0.60	687.03
2.95	0.60	687.20
2.95	0.60	687.37
2.94	0.59	687.54
2.94	0.60	687.71
2.94	0.60	687.88
2.94	0.59	688.06
2.94	0.59	688.23
2.95	0.60	688.40
2.94	0.59	688.57
2.94	0.60	688.74
2.94	0.59	688.91
2.94	0.60	689.08
2.93	0.59	689.25
2.93	0.59	689.42
2.93	0.59	689.59
2.94	0.60	689.77
2.94	0.59	689.94
2.93	0.59	690.11
2.93	0.59	690.28
2.94	0.60	690.45
2.93	0.59	690.62
2.93	0.59	690.79
2.93	0.58	690.96
2.93	0.58	691.13
2.93	0.59	691.30
2.94	0.60	691.47
2.94	0.60	691.64
2.93	0.59	691.81
2.93	0.59	691.98
2.94	0.60	692.16
2.93	0.58	692.32
2.93	0.59	692.49
2.93	0.59	692.66
2.93	0.60	692.84
2.93	0.59	693.01
2.92	0.59	693.18
2.92	0.58	693.34
2.92	0.59	693.51
2.93	0.60	693.68
2.91	0.58	693.85
2.91	0.58	694.02
2.92	0.59	694.19
2.92	0.59	694.36
2.92	0.59	694.53
2.91	0.58	694.70
2.91	0.59	694.87
2.91	0.58	695.03
2.92	0.59	695.20
2.93	0.60	695.38
2.91	0.58	695.54
2.92	0.58	695.71
2.92	0.59	695.88
2.92	0.59	696.05
2.92	0.59	696.22
2.91	0.59	696.39
2.91	0.58	696.56
2.92	0.60	696.73
2.91	0.58	696.90
2.91	0.59	697.07
2.90	0.59	697.24
2.91	0.59	697.41
2.90	0.59	697.58
2.91	0.59	697.75
2.90	0.58	697.92
2.90	0.58	698.09
2.90	0.58	698.26
2.90	0.58	698.42
2.90	0.58	698.59
2.90	0.58	698.76
2.91	0.59	698.93
2.90	0.59	699.10
